task_idx,trial_idx,cutrial_no,targetangle_deg,targetx_cm,targety_cm,cursortype,rotation_deg,doaiming_bool,aimstart_deg,aim_deg,aimdeviation_deg,aimtime_ms,phase,cutime_ms,time_ms,mousex_cm,mousey_cm,cursorx_cm,cursory_cm,deviation_bool
12,91,203,160.00000,-7.51754,2.73616,regular,-50,True,150.00000,158.25000,-1.75000,1949,0,1796815,0,0.20363,-0.26706,-0.07369,-0.32765,0
12,91,203,160.00000,-7.51754,2.73616,regular,-50,True,150.00000,158.25000,-1.75000,1949,0,1796831,16,0.20363,-0.26706,-0.07369,-0.32765,0
12,91,203,160.00000,-7.51754,2.73616,regular,-50,True,150.00000,158.25000,-1.75000,1949,0,1796848,33,0.20363,-0.26706,-0.07369,-0.32765,0
12,91,203,160.00000,-7.51754,2.73616,regular,-50,True,150.00000,158.25000,-1.75000,1949,0,1796865,50,0.20363,-0.26706,-0.07369,-0.32765,0
12,91,203,160.00000,-7.51754,2.73616,regular,-50,True,150.00000,158.25000,-1.75000,1949,0,1796881,66,0.20363,-0.26706,-0.07369,-0.32765,0
12,91,203,160.00000,-7.51754,2.73616,regular,-50,True,150.00000,158.25000,-1.75000,1949,0,1796898,83,0.20363,-0.26706,-0.07369,-0.32765,0
12,91,203,160.00000,-7.51754,2.73616,regular,-50,True,150.00000,158.25000,-1.75000,1949,0,1796915,100,0.20363,-0.26706,-0.07369,-0.32765,0
12,91,203,160.00000,-7.51754,2.73616,regular,-50,True,150.00000,158.25000,-1.75000,1949,0,1796931,116,0.20363,-0.26706,-0.07369,-0.32765,0
12,91,203,160.00000,-7.51754,2.73616,regular,-50,True,150.00000,158.25000,-1.75000,1949,0,1796948,133,0.20363,-0.26706,-0.07369,-0.32765,0
12,91,203,160.00000,-7.51754,2.73616,regular,-50,True,150.00000,158.25000,-1.75000,1949,0,1796965,150,0.20363,-0.26706,-0.07369,-0.32765,0
12,91,203,160.00000,-7.51754,2.73616,regular,-50,True,150.00000,158.25000,-1.75000,1949,0,1796981,166,0.20363,-0.26706,-0.07369,-0.32765,0
12,91,203,160.00000,-7.51754,2.73616,regular,-50,True,150.00000,158.25000,-1.75000,1949,0,1796998,183,0.20363,-0.26706,-0.07369,-0.32765,0
12,91,203,160.00000,-7.51754,2.73616,regular,-50,True,150.00000,158.25000,-1.75000,1949,0,1797015,200,0.20363,-0.26706,-0.07369,-0.32765,0
12,91,203,160.00000,-7.51754,2.73616,regular,-50,True,150.00000,158.25000,-1.75000,1949,0,1797032,217,0.20363,-0.26706,-0.07369,-0.32765,0
12,91,203,160.00000,-7.51754,2.73616,regular,-50,True,150.00000,158.25000,-1.75000,1949,0,1797048,233,0.20363,-0.26706,-0.07369,-0.32765,0
12,91,203,160.00000,-7.51754,2.73616,regular,-50,True,150.00000,158.25000,-1.75000,1949,0,1797065,250,0.18512,-0.26706,-0.08559,-0.31347,0
12,91,203,160.00000,-7.51754,2.73616,regular,-50,True,150.00000,158.25000,-1.75000,1949,0,1797081,266,0.16661,-0.28760,-0.11322,-0.31250,0
12,91,203,160.00000,-7.51754,2.73616,regular,-50,True,150.00000,158.25000,-1.75000,1949,0,1797098,283,0.12958,-0.28760,-0.13702,-0.28413,0
12,91,203,160.00000,-7.51754,2.73616,regular,-50,True,150.00000,158.25000,-1.75000,1949,0,1797115,300,0.09256,-0.30814,-0.17656,-0.26898,0
12,91,203,160.00000,-7.51754,2.73616,regular,-50,True,150.00000,158.25000,-1.75000,1949,0,1797131,316,0.05554,-0.30814,-0.20035,-0.24061,0
12,91,203,160.00000,-7.51754,2.73616,regular,-50,True,150.00000,158.25000,-1.75000,1949,0,1797148,333,0.01851,-0.32869,-0.23989,-0.22546,0
12,91,203,160.00000,-7.51754,2.73616,regular,-50,True,150.00000,158.25000,-1.75000,1949,0,1797165,350,-0.01851,-0.32869,-0.26369,-0.19710,0
12,91,203,160.00000,-7.51754,2.73616,regular,-50,True,150.00000,158.25000,-1.75000,1949,0,1797182,367,-0.09256,-0.32869,-0.31129,-0.14037,0
12,91,203,160.00000,-7.51754,2.73616,regular,-50,True,150.00000,158.25000,-1.75000,1949,0,1797198,383,-0.14810,-0.30814,-0.33125,-0.08462,0
12,91,203,160.00000,-7.51754,2.73616,regular,-50,True,150.00000,158.25000,-1.75000,1949,0,1797215,400,-0.22214,-0.30814,-0.37884,-0.02790,0
12,91,203,160.00000,-7.51754,2.73616,regular,-50,True,150.00000,158.25000,-1.75000,1949,0,1797231,416,-0.27768,-0.30814,-0.41454,0.01464,0
12,91,203,160.00000,-7.51754,2.73616,regular,-50,True,150.00000,158.25000,-1.75000,1949,0,1797248,433,-0.37024,-0.30814,-0.47404,0.08555,0
12,91,203,160.00000,-7.51754,2.73616,regular,-50,True,150.00000,158.25000,-1.75000,1949,0,1797265,450,-0.51833,-0.32869,-0.58497,0.18579,0
12,91,203,160.00000,-7.51754,2.73616,regular,-50,True,150.00000,158.25000,-1.75000,1949,0,1797282,467,-0.64792,-0.30814,-0.65253,0.29826,0
12,91,203,160.00000,-7.51754,2.73616,regular,-50,True,150.00000,158.25000,-1.75000,1949,0,1797298,483,-0.77750,-0.28760,-0.72008,0.41073,0
12,91,203,160.00000,-7.51754,2.73616,regular,-50,True,150.00000,158.25000,-1.75000,1949,0,1797315,500,-0.94411,-0.28760,-0.82718,0.53836,0
12,91,203,160.00000,-7.51754,2.73616,regular,-50,True,150.00000,158.25000,-1.75000,1949,0,1797332,517,-1.09220,-0.26706,-0.90663,0.66501,0
12,91,203,160.00000,-7.51754,2.73616,regular,-50,True,150.00000,158.25000,-1.75000,1949,0,1797348,533,-1.25881,-0.28760,-1.02946,0.77944,0
12,91,203,160.00000,-7.51754,2.73616,regular,-50,True,150.00000,158.25000,-1.75000,1949,0,1797365,550,-1.35137,-0.30814,-1.10470,0.83714,0
12,91,203,160.00000,-7.51754,2.73616,regular,-50,True,150.00000,158.25000,-1.75000,1949,0,1797382,567,-1.42542,-0.32869,-1.16803,0.88066,0
12,91,203,160.00000,-7.51754,2.73616,regular,-50,True,150.00000,158.25000,-1.75000,1949,0,1797398,583,-1.46244,-0.32869,-1.19183,0.90902,0
12,91,203,160.00000,-7.51754,2.73616,regular,-50,True,150.00000,158.25000,-1.75000,1949,0,1797415,600,-1.46244,-0.32869,-1.19183,0.90902,0
12,91,203,160.00000,-7.51754,2.73616,regular,-50,True,150.00000,158.25000,-1.75000,1949,0,1797432,617,-1.42542,-0.34923,-1.18377,0.86745,0
12,91,203,160.00000,-7.51754,2.73616,regular,-50,True,150.00000,158.25000,-1.75000,1949,0,1797448,633,-1.33286,-0.36977,-1.14001,0.78334,0
12,91,203,160.00000,-7.51754,2.73616,regular,-50,True,150.00000,158.25000,-1.75000,1949,0,1797465,650,-1.20327,-0.36977,-1.05671,0.68408,0
12,91,203,160.00000,-7.51754,2.73616,regular,-50,True,150.00000,158.25000,-1.75000,1949,0,1797482,667,-1.03667,-0.30814,-0.90241,0.59606,0
12,91,203,160.00000,-7.51754,2.73616,regular,-50,True,150.00000,158.25000,-1.75000,1949,0,1797498,683,-0.92560,-0.26706,-0.79954,0.53739,0
12,91,203,160.00000,-7.51754,2.73616,regular,-50,True,150.00000,158.25000,-1.75000,1949,0,1797515,700,-0.81452,-0.20543,-0.68093,0.49191,0
12,91,203,160.00000,-7.51754,2.73616,regular,-50,True,150.00000,158.25000,-1.75000,1949,0,1797532,717,-0.70345,-0.16434,-0.57807,0.43324,0
12,91,203,160.00000,-7.51754,2.73616,regular,-50,True,150.00000,158.25000,-1.75000,1949,0,1797548,733,-0.61089,-0.14380,-0.50283,0.37554,0
12,91,203,160.00000,-7.51754,2.73616,regular,-50,True,150.00000,158.25000,-1.75000,1949,0,1797565,750,-0.55536,-0.14380,-0.46713,0.33299,0
12,91,203,160.00000,-7.51754,2.73616,regular,-50,True,150.00000,158.25000,-1.75000,1949,0,1797582,767,-0.49982,-0.14380,-0.43144,0.29045,0
12,91,203,160.00000,-7.51754,2.73616,regular,-50,True,150.00000,158.25000,-1.75000,1949,0,1797599,784,-0.46280,-0.14380,-0.40764,0.26209,0
12,91,203,160.00000,-7.51754,2.73616,regular,-50,True,150.00000,158.25000,-1.75000,1949,0,1797615,800,-0.46280,-0.14380,-0.40764,0.26209,0
12,91,203,160.00000,-7.51754,2.73616,regular,-50,True,150.00000,158.25000,-1.75000,1949,0,1797632,817,-0.46280,-0.14380,-0.40764,0.26209,0
12,91,203,160.00000,-7.51754,2.73616,regular,-50,True,150.00000,158.25000,-1.75000,1949,0,1797649,834,-0.46280,-0.14380,-0.40764,0.26209,0
12,91,203,160.00000,-7.51754,2.73616,regular,-50,True,150.00000,158.25000,-1.75000,1949,0,1797665,850,-0.46280,-0.14380,-0.40764,0.26209,0
12,91,203,160.00000,-7.51754,2.73616,regular,-50,True,150.00000,158.25000,-1.75000,1949,0,1797682,867,-0.46280,-0.14380,-0.40764,0.26209,0
12,91,203,160.00000,-7.51754,2.73616,regular,-50,True,150.00000,158.25000,-1.75000,1949,0,1797699,884,-0.46280,-0.14380,-0.40764,0.26209,0
12,91,203,160.00000,-7.51754,2.73616,regular,-50,True,150.00000,158.25000,-1.75000,1949,0,1797715,900,-0.46280,-0.14380,-0.40764,0.26209,0
12,91,203,160.00000,-7.51754,2.73616,regular,-50,True,150.00000,158.25000,-1.75000,1949,0,1797732,917,-0.46280,-0.14380,-0.40764,0.26209,0
12,91,203,160.00000,-7.51754,2.73616,regular,-50,True,150.00000,158.25000,-1.75000,1949,0,1797749,934,-0.46280,-0.14380,-0.40764,0.26209,0
12,91,203,160.00000,-7.51754,2.73616,regular,-50,True,150.00000,158.25000,-1.75000,1949,0,1797765,950,-0.46280,-0.14380,-0.40764,0.26209,0
12,91,203,160.00000,-7.51754,2.73616,regular,-50,True,150.00000,158.25000,-1.75000,1949,0,1797782,967,-0.46280,-0.14380,-0.40764,0.26209,0
12,91,203,160.00000,-7.51754,2.73616,regular,-50,True,150.00000,158.25000,-1.75000,1949,0,1797799,984,-0.46280,-0.14380,-0.40764,0.26209,0
12,91,203,160.00000,-7.51754,2.73616,regular,-50,True,150.00000,158.25000,-1.75000,1949,0,1797815,1000,-0.46280,-0.14380,-0.40764,0.26209,0
12,91,203,160.00000,-7.51754,2.73616,regular,-50,True,150.00000,158.25000,-1.75000,1949,0,1797832,1017,-0.42577,-0.14380,-0.38384,0.23373,0
12,91,203,160.00000,-7.51754,2.73616,regular,-50,True,150.00000,158.25000,-1.75000,1949,0,1797849,1034,-0.40726,-0.14380,-0.37194,0.21955,0
12,91,203,160.00000,-7.51754,2.73616,regular,-50,True,150.00000,158.25000,-1.75000,1949,0,1797865,1050,-0.37024,-0.16434,-0.36388,0.17798,0
12,91,203,160.00000,-7.51754,2.73616,regular,-50,True,150.00000,158.25000,-1.75000,1949,0,1797882,1067,-0.33321,-0.14380,-0.32434,0.16282,0
12,91,203,160.00000,-7.51754,2.73616,regular,-50,True,150.00000,158.25000,-1.75000,1949,0,1797899,1084,-0.29619,-0.14380,-0.30055,0.13446,0
12,91,203,160.00000,-7.51754,2.73616,regular,-50,True,150.00000,158.25000,-1.75000,1949,0,1797915,1100,-0.25917,-0.14380,-0.27675,0.10610,0
12,91,203,160.00000,-7.51754,2.73616,regular,-50,True,150.00000,158.25000,-1.75000,1949,0,1797932,1117,-0.22214,-0.12326,-0.23721,0.09094,0
12,91,203,160.00000,-7.51754,2.73616,regular,-50,True,150.00000,158.25000,-1.75000,1949,0,1797949,1134,-0.20363,-0.12326,-0.22531,0.07676,0
12,91,203,160.00000,-7.51754,2.73616,regular,-50,True,150.00000,158.25000,-1.75000,1949,1,1797965,1150,-0.18512,-0.12326,-0.21341,0.06258,0
12,91,203,160.00000,-7.51754,2.73616,regular,-50,True,150.00000,158.25000,-1.75000,1949,1,1797982,1167,-0.16661,-0.12326,-0.20151,0.04840,0
12,91,203,160.00000,-7.51754,2.73616,regular,-50,True,150.00000,158.25000,-1.75000,1949,1,1797999,1184,-0.14810,-0.14380,-0.20535,0.02101,0
12,91,203,160.00000,-7.51754,2.73616,regular,-50,True,150.00000,158.25000,-1.75000,1949,1,1798015,1200,-0.12958,-0.14380,-0.19345,0.00683,0
12,91,203,160.00000,-7.51754,2.73616,regular,-50,True,150.00000,158.25000,-1.75000,1949,1,1798032,1217,-0.11107,-0.14380,-0.18155,-0.00735,0
12,91,203,160.00000,-7.51754,2.73616,regular,-50,True,150.00000,158.25000,-1.75000,1949,1,1798049,1234,-0.11107,-0.14380,-0.18155,-0.00735,0
12,91,203,160.00000,-7.51754,2.73616,regular,-50,True,150.00000,158.25000,-1.75000,1949,1,1798066,1251,-0.11107,-0.14380,-0.18155,-0.00735,0
12,91,203,160.00000,-7.51754,2.73616,regular,-50,True,150.00000,158.25000,-1.75000,1949,1,1798082,1267,-0.11107,-0.14380,-0.18155,-0.00735,0
12,91,203,160.00000,-7.51754,2.73616,regular,-50,True,150.00000,158.25000,-1.75000,1949,1,1798099,1284,-0.11107,-0.14380,-0.18155,-0.00735,0
12,91,203,160.00000,-7.51754,2.73616,regular,-50,True,150.00000,158.25000,-1.75000,1949,1,1798116,1301,-0.11107,-0.14380,-0.18155,-0.00735,0
12,91,203,160.00000,-7.51754,2.73616,regular,-50,True,150.00000,158.25000,-1.75000,1949,1,1798132,1317,-0.11107,-0.14380,-0.18155,-0.00735,0
12,91,203,160.00000,-7.51754,2.73616,regular,-50,True,150.00000,158.25000,-1.75000,1949,1,1798149,1334,-0.11107,-0.14380,-0.18155,-0.00735,0
12,91,203,160.00000,-7.51754,2.73616,regular,-50,True,150.00000,158.25000,-1.75000,1949,1,1798166,1351,-0.11107,-0.14380,-0.18155,-0.00735,0
12,91,203,160.00000,-7.51754,2.73616,regular,-50,True,150.00000,158.25000,-1.75000,1949,1,1798182,1367,-0.11107,-0.14380,-0.18155,-0.00735,0
12,91,203,160.00000,-7.51754,2.73616,regular,-50,True,150.00000,158.25000,-1.75000,1949,1,1798199,1384,-0.11107,-0.14380,-0.18155,-0.00735,0
12,91,203,160.00000,-7.51754,2.73616,regular,-50,True,150.00000,158.25000,-1.75000,1949,1,1798216,1401,-0.11107,-0.14380,-0.18155,-0.00735,0
12,91,203,160.00000,-7.51754,2.73616,regular,-50,True,150.00000,158.25000,-1.75000,1949,1,1798232,1417,-0.09256,-0.12326,-0.15392,-0.00832,0
12,91,203,160.00000,-7.51754,2.73616,regular,-50,True,150.00000,158.25000,-1.75000,1949,1,1798249,1434,-0.09256,-0.12326,-0.15392,-0.00832,0
12,91,203,160.00000,-7.51754,2.73616,regular,-50,True,150.00000,158.25000,-1.75000,1949,1,1798266,1451,-0.09256,-0.12326,-0.15392,-0.00832,0
12,91,203,160.00000,-7.51754,2.73616,regular,-50,True,150.00000,158.25000,-1.75000,1949,1,1798282,1467,-0.09256,-0.12326,-0.15392,-0.00832,0
12,91,203,160.00000,-7.51754,2.73616,regular,-50,True,150.00000,158.25000,-1.75000,1949,1,1798299,1484,-0.09256,-0.12326,-0.15392,-0.00832,0
12,91,203,160.00000,-7.51754,2.73616,regular,-50,True,150.00000,158.25000,-1.75000,1949,2,1798316,1501,-0.09256,-0.12326,-0.15392,-0.00832,0
12,91,203,160.00000,-7.51754,2.73616,regular,-50,True,150.00000,158.25000,-1.75000,1949,2,1798332,1517,-0.09256,-0.12326,-0.15392,-0.00832,0
12,91,203,160.00000,-7.51754,2.73616,regular,-50,True,150.00000,158.25000,-1.75000,1949,2,1798349,1534,-0.09256,-0.12326,-0.15392,-0.00832,0
12,91,203,160.00000,-7.51754,2.73616,regular,-50,True,150.00000,158.25000,-1.75000,1949,2,1798366,1551,-0.11107,-0.12326,-0.16582,0.00586,0
12,91,203,160.00000,-7.51754,2.73616,regular,-50,True,150.00000,158.25000,-1.75000,1949,2,1798382,1567,-0.12958,-0.12326,-0.17772,0.02004,0
12,91,203,160.00000,-7.51754,2.73616,regular,-50,True,150.00000,158.25000,-1.75000,1949,2,1798399,1584,-0.14810,-0.12326,-0.18961,0.03422,0
12,91,203,160.00000,-7.51754,2.73616,regular,-50,True,150.00000,158.25000,-1.75000,1949,2,1798416,1601,-0.18512,-0.10271,-0.19768,0.07579,0
12,91,203,160.00000,-7.51754,2.73616,regular,-50,True,150.00000,158.25000,-1.75000,1949,2,1798432,1617,-0.22214,-0.10271,-0.22147,0.10415,0
12,91,203,160.00000,-7.51754,2.73616,regular,-50,True,150.00000,158.25000,-1.75000,1949,2,1798449,1634,-0.27768,-0.12326,-0.27291,0.13349,0
12,91,203,160.00000,-7.51754,2.73616,regular,-50,True,150.00000,158.25000,-1.75000,1949,2,1798466,1651,-0.33321,-0.12326,-0.30861,0.17603,0
12,91,203,160.00000,-7.51754,2.73616,regular,-50,True,150.00000,158.25000,-1.75000,1949,2,1798483,1668,-0.42577,-0.14380,-0.38384,0.23373,0
12,91,203,160.00000,-7.51754,2.73616,regular,-50,True,150.00000,158.25000,-1.75000,1949,2,1798499,1684,-0.51833,-0.16434,-0.45907,0.29143,0
12,91,203,160.00000,-7.51754,2.73616,regular,-50,True,150.00000,158.25000,-1.75000,1949,2,1798516,1701,-0.61089,-0.16434,-0.51857,0.36233,0
12,91,203,160.00000,-7.51754,2.73616,regular,-50,True,150.00000,158.25000,-1.75000,1949,2,1798532,1717,-0.70345,-0.18489,-0.59380,0.42003,0
12,91,203,160.00000,-7.51754,2.73616,regular,-50,True,150.00000,158.25000,-1.75000,1949,2,1798549,1734,-0.83304,-0.20543,-0.69283,0.50609,0
12,91,203,160.00000,-7.51754,2.73616,regular,-50,True,150.00000,158.25000,-1.75000,1949,2,1798566,1751,-0.94411,-0.22597,-0.77997,0.57798,0
12,91,203,160.00000,-7.51754,2.73616,regular,-50,True,150.00000,158.25000,-1.75000,1949,2,1798583,1768,-1.05518,-0.24652,-0.86710,0.64986,0
12,91,203,160.00000,-7.51754,2.73616,regular,-50,True,150.00000,158.25000,-1.75000,1949,2,1798599,1784,-1.16625,-0.26706,-0.95423,0.72174,0
12,91,203,160.00000,-7.51754,2.73616,regular,-50,True,150.00000,158.25000,-1.75000,1949,2,1798616,1801,-1.27732,-0.28760,-1.04136,0.79362,0
12,91,203,160.00000,-7.51754,2.73616,regular,-50,True,150.00000,158.25000,-1.75000,1949,2,1798633,1818,-1.44393,-0.30814,-1.16419,0.90804,0
12,91,203,160.00000,-7.51754,2.73616,regular,-50,True,150.00000,158.25000,-1.75000,1949,2,1798649,1834,-1.57351,-0.32869,-1.26322,0.99410,0
12,91,203,160.00000,-7.51754,2.73616,regular,-50,True,150.00000,158.25000,-1.75000,1949,2,1798666,1851,-1.74012,-0.34923,-1.38605,1.10853,0
12,91,203,160.00000,-7.51754,2.73616,regular,-50,True,150.00000,158.25000,-1.75000,1949,2,1798683,1868,-1.86970,-0.39032,-1.50082,1.18138,0
12,91,203,160.00000,-7.51754,2.73616,regular,-50,True,150.00000,158.25000,-1.75000,1949,2,1798699,1884,-1.99929,-0.45195,-1.63133,1.24104,1
12,91,203,160.00000,-7.51754,2.73616,regular,-50,True,150.00000,158.25000,-1.75000,1949,2,1798716,1901,-2.14738,-0.51357,-1.77373,1.31487,0
12,91,203,160.00000,-7.51754,2.73616,regular,-50,True,150.00000,158.25000,-1.75000,1949,2,1798733,1918,-2.33250,-0.61629,-1.97141,1.39066,0
12,91,203,160.00000,-7.51754,2.73616,regular,-50,True,150.00000,158.25000,-1.75000,1949,2,1798749,1934,-2.51762,-0.71900,-2.16908,1.46644,0
12,91,203,160.00000,-7.51754,2.73616,regular,-50,True,150.00000,158.25000,-1.75000,1949,2,1798766,1951,-2.66571,-0.80118,-2.32722,1.52707,0
12,91,203,160.00000,-7.51754,2.73616,regular,-50,True,150.00000,158.25000,-1.75000,1949,2,1798783,1968,-2.79530,-0.90389,-2.48920,1.56031,0
12,91,203,160.00000,-7.51754,2.73616,regular,-50,True,150.00000,158.25000,-1.75000,1949,2,1798799,1984,-2.92488,-0.98606,-2.63544,1.60676,0
12,91,203,160.00000,-7.51754,2.73616,regular,-50,True,150.00000,158.25000,-1.75000,1949,2,1798816,2001,-3.11000,-1.12986,-2.86459,1.65614,0
12,91,203,160.00000,-7.51754,2.73616,regular,-50,True,150.00000,158.25000,-1.75000,1949,2,1798833,2018,-3.23958,-1.21203,-3.01084,1.70258,0
12,91,203,160.00000,-7.51754,2.73616,regular,-50,True,150.00000,158.25000,-1.75000,1949,2,1798849,2034,-3.35065,-1.29421,-3.14518,1.73485,0
12,91,203,160.00000,-7.51754,2.73616,regular,-50,True,150.00000,158.25000,-1.75000,1949,2,1798866,2051,-3.49875,-1.41746,-3.33479,1.76907,0
12,91,203,160.00000,-7.51754,2.73616,regular,-50,True,150.00000,158.25000,-1.75000,1949,2,1798883,2068,-3.59131,-1.49964,-3.45724,1.78716,0
12,91,203,160.00000,-7.51754,2.73616,regular,-50,True,150.00000,158.25000,-1.75000,1949,2,1798899,2084,-3.73940,-1.62289,-3.64685,1.82137,0
12,91,203,160.00000,-7.51754,2.73616,regular,-50,True,150.00000,158.25000,-1.75000,1949,2,1798916,2101,-3.85048,-1.70507,-3.78119,1.85364,0
12,91,203,160.00000,-7.51754,2.73616,regular,-50,True,150.00000,158.25000,-1.75000,1949,2,1798933,2118,-3.96155,-1.80778,-3.93127,1.87270,0
12,91,203,160.00000,-7.51754,2.73616,regular,-50,True,150.00000,158.25000,-1.75000,1949,2,1798949,2134,-4.05411,-1.88995,-4.05372,1.89079,0
12,91,203,160.00000,-7.51754,2.73616,regular,-50,True,150.00000,158.25000,-1.75000,1949,2,1798966,2151,-4.20220,-2.03375,-4.25907,1.91180,0
12,91,203,160.00000,-7.51754,2.73616,regular,-50,True,150.00000,158.25000,-1.75000,1949,2,1798983,2168,-4.36881,-2.15701,-4.46058,1.96020,0
12,91,203,160.00000,-7.51754,2.73616,regular,-50,True,150.00000,158.25000,-1.75000,1949,2,1798999,2184,-4.47988,-2.25973,-4.61066,1.97926,0
12,91,203,160.00000,-7.51754,2.73616,regular,-50,True,150.00000,158.25000,-1.75000,1949,2,1799016,2201,-4.60946,-2.36244,-4.77264,2.01251,0
12,91,203,160.00000,-7.51754,2.73616,regular,-50,True,150.00000,158.25000,-1.75000,1949,2,1799033,2218,-4.73905,-2.46516,-4.93462,2.04575,0
12,91,203,160.00000,-7.51754,2.73616,regular,-50,True,150.00000,158.25000,-1.75000,1949,2,1799050,2235,-4.88714,-2.56787,-5.10850,2.09317,0
12,91,203,160.00000,-7.51754,2.73616,regular,-50,True,150.00000,158.25000,-1.75000,1949,2,1799066,2251,-4.99821,-2.65004,-5.24284,2.12544,0
12,91,203,160.00000,-7.51754,2.73616,regular,-50,True,150.00000,158.25000,-1.75000,1949,2,1799083,2268,-5.10929,-2.71167,-5.36145,2.17091,0
12,91,203,160.00000,-7.51754,2.73616,regular,-50,True,150.00000,158.25000,-1.75000,1949,2,1799100,2285,-5.20185,-2.75276,-5.45242,2.21541,0
12,91,203,160.00000,-7.51754,2.73616,regular,-50,True,150.00000,158.25000,-1.75000,1949,2,1799116,2301,-5.36845,-2.83493,-5.62246,2.29022,0
12,91,203,160.00000,-7.51754,2.73616,regular,-50,True,150.00000,158.25000,-1.75000,1949,2,1799133,2318,-5.47952,-2.91710,-5.75680,2.32248,0
12,91,203,160.00000,-7.51754,2.73616,regular,-50,True,150.00000,158.25000,-1.75000,1949,2,1799150,2335,-5.55357,-2.95819,-5.83587,2.35280,0
12,91,203,160.00000,-7.51754,2.73616,regular,-50,True,150.00000,158.25000,-1.75000,1949,2,1799166,2351,-5.62762,-2.99927,-5.91494,2.38311,0
12,91,203,160.00000,-7.51754,2.73616,regular,-50,True,150.00000,158.25000,-1.75000,1949,2,1799183,2368,-5.72018,-3.08144,-6.03738,2.40120,0
12,91,203,160.00000,-7.51754,2.73616,regular,-50,True,150.00000,158.25000,-1.75000,1949,2,1799200,2385,-5.83125,-3.18416,-6.18746,2.42026,0
12,91,203,160.00000,-7.51754,2.73616,regular,-50,True,150.00000,158.25000,-1.75000,1949,2,1799217,2402,-5.92381,-3.24579,-6.29417,2.45155,0
12,91,203,160.00000,-7.51754,2.73616,regular,-50,True,150.00000,158.25000,-1.75000,1949,2,1799233,2418,-6.03488,-3.32796,-6.42851,2.48382,0
12,91,203,160.00000,-7.51754,2.73616,regular,-50,True,150.00000,158.25000,-1.75000,1949,2,1799250,2435,-6.10893,-3.36905,-6.50758,2.51413,0
12,91,203,160.00000,-7.51754,2.73616,regular,-50,True,150.00000,158.25000,-1.75000,1949,2,1799266,2451,-6.18298,-3.41013,-6.58665,2.54444,0
12,91,203,160.00000,-7.51754,2.73616,regular,-50,True,150.00000,158.25000,-1.75000,1949,2,1799283,2468,-6.25702,-3.47176,-6.68146,2.56155,0
12,91,203,160.00000,-7.51754,2.73616,regular,-50,True,150.00000,158.25000,-1.75000,1949,2,1799300,2485,-6.33107,-3.49230,-6.74479,2.60507,0
12,91,203,160.00000,-7.51754,2.73616,regular,-50,True,150.00000,158.25000,-1.75000,1949,2,1799316,2501,-6.36810,-3.51285,-6.78433,2.62023,0
12,91,203,160.00000,-7.51754,2.73616,regular,-50,True,150.00000,158.25000,-1.75000,1949,2,1799333,2518,-6.42363,-3.53339,-6.83576,2.64957,0
12,91,203,160.00000,-7.51754,2.73616,regular,-50,True,150.00000,158.25000,-1.75000,1949,2,1799350,2535,-6.47917,-3.55393,-6.88720,2.67891,0
12,91,203,160.00000,-7.51754,2.73616,regular,-50,True,150.00000,158.25000,-1.75000,1949,2,1799366,2551,-6.53470,-3.59502,-6.95437,2.69504,0
12,91,203,160.00000,-7.51754,2.73616,regular,-50,True,150.00000,158.25000,-1.75000,1949,2,1799383,2568,-6.59024,-3.63610,-7.02154,2.71117,0
12,91,203,160.00000,-7.51754,2.73616,regular,-50,True,150.00000,158.25000,-1.75000,1949,2,1799400,2585,-6.64577,-3.67719,-7.08871,2.72731,0
12,91,203,160.00000,-7.51754,2.73616,regular,-50,True,150.00000,158.25000,-1.75000,1949,2,1799416,2601,-6.70131,-3.73882,-7.17162,2.73023,0
12,91,203,160.00000,-7.51754,2.73616,regular,-50,True,150.00000,158.25000,-1.75000,1949,2,1799433,2618,-6.77536,-3.80045,-7.26643,2.74734,0
12,91,203,160.00000,-7.51754,2.73616,regular,-50,True,150.00000,158.25000,-1.75000,1949,2,1799450,2635,-6.83089,-3.84153,-7.33360,2.76348,0
12,91,203,160.00000,-7.51754,2.73616,regular,-50,True,150.00000,158.25000,-1.75000,1949,3,1799467,2652,-6.90494,-3.90316,-7.42841,2.78059,0
12,91,203,160.00000,-7.51754,2.73616,regular,-50,True,150.00000,158.25000,-1.75000,1949,3,1799483,2668,-6.92345,-3.92371,-7.45604,2.78156,0
12,91,203,160.00000,-7.51754,2.73616,regular,-50,True,150.00000,158.25000,-1.75000,1949,3,1799500,2685,-6.96048,-3.94425,-7.49558,2.79672,0
12,91,203,160.00000,-7.51754,2.73616,regular,-50,True,150.00000,158.25000,-1.75000,1949,3,1799517,2702,-6.96048,-3.96479,-7.51131,2.78352,0
12,91,203,160.00000,-7.51754,2.73616,regular,-50,True,150.00000,158.25000,-1.75000,1949,3,1799533,2718,-6.97899,-3.96479,-7.52321,2.79770,0
12,91,203,160.00000,-7.51754,2.73616,regular,-50,True,150.00000,158.25000,-1.75000,1949,3,1799550,2735,-6.97899,-3.98533,-7.53895,2.78449,0
12,91,203,160.00000,-7.51754,2.73616,regular,-50,True,150.00000,158.25000,-1.75000,1949,3,1799567,2752,-6.97899,-3.98533,-7.53895,2.78449,0
12,91,203,160.00000,-7.51754,2.73616,regular,-50,True,150.00000,158.25000,-1.75000,1949,3,1799583,2768,-6.99750,-3.98533,-7.55085,2.79867,0
12,91,203,160.00000,-7.51754,2.73616,regular,-50,True,150.00000,158.25000,-1.75000,1949,3,1799600,2785,-6.99750,-3.98533,-7.55085,2.79867,0
12,91,203,160.00000,-7.51754,2.73616,regular,-50,True,150.00000,158.25000,-1.75000,1949,3,1799617,2802,-6.99750,-4.00588,-7.56659,2.78547,0
12,91,203,160.00000,-7.51754,2.73616,regular,-50,True,150.00000,158.25000,-1.75000,1949,3,1799633,2818,-7.01601,-4.00588,-7.57849,2.79965,0
12,91,203,160.00000,-7.51754,2.73616,regular,-50,True,150.00000,158.25000,-1.75000,1949,3,1799650,2835,-7.01601,-4.02642,-7.59422,2.78644,0
12,91,203,160.00000,-7.51754,2.73616,regular,-50,True,150.00000,158.25000,-1.75000,1949,3,1799667,2852,-7.03452,-4.02642,-7.60612,2.80062,0
12,91,203,160.00000,-7.51754,2.73616,regular,-50,True,150.00000,158.25000,-1.75000,1949,3,1799684,2869,-7.03452,-4.02642,-7.60612,2.80062,0
12,91,203,160.00000,-7.51754,2.73616,regular,-50,True,150.00000,158.25000,-1.75000,1949,3,1799700,2885,-7.03452,-4.02642,-7.60612,2.80062,0
12,91,203,160.00000,-7.51754,2.73616,regular,-50,True,150.00000,158.25000,-1.75000,1949,3,1799717,2902,-7.03452,-4.02642,-7.60612,2.80062,0
12,91,203,160.00000,-7.51754,2.73616,regular,-50,True,150.00000,158.25000,-1.75000,1949,3,1799733,2918,-7.03452,-4.02642,-7.60612,2.80062,0
12,91,203,160.00000,-7.51754,2.73616,regular,-50,True,150.00000,158.25000,-1.75000,1949,3,1799750,2935,-7.03452,-4.02642,-7.60612,2.80062,0
12,91,203,160.00000,-7.51754,2.73616,regular,-50,True,150.00000,158.25000,-1.75000,1949,3,1799767,2952,-7.03452,-4.02642,-7.60612,2.80062,0
12,91,203,160.00000,-7.51754,2.73616,regular,-50,True,150.00000,158.25000,-1.75000,1949,3,1799784,2969,-7.03452,-4.02642,-7.60612,2.80062,0
12,91,203,160.00000,-7.51754,2.73616,regular,-50,True,150.00000,158.25000,-1.75000,1949,3,1799800,2985,-7.01601,-4.02642,-7.59422,2.78644,0
12,91,203,160.00000,-7.51754,2.73616,regular,-50,True,150.00000,158.25000,-1.75000,1949,3,1799817,3002,-7.01601,-4.02642,-7.59422,2.78644,0
12,91,203,160.00000,-7.51754,2.73616,regular,-50,True,150.00000,158.25000,-1.75000,1949,3,1799833,3018,-6.99750,-4.00588,-7.56659,2.78547,0
12,91,203,160.00000,-7.51754,2.73616,regular,-50,True,150.00000,158.25000,-1.75000,1949,3,1799850,3035,-6.97899,-4.00588,-7.55469,2.77129,0
12,91,203,160.00000,-7.51754,2.73616,regular,-50,True,150.00000,158.25000,-1.75000,1949,3,1799867,3052,-6.96048,-4.00588,-7.54279,2.75711,0
12,91,203,160.00000,-7.51754,2.73616,regular,-50,True,150.00000,158.25000,-1.75000,1949,3,1799884,3069,-6.94196,-4.00588,-7.53089,2.74292,0
12,91,203,160.00000,-7.51754,2.73616,regular,-50,True,150.00000,158.25000,-1.75000,1949,3,1799900,3085,-6.92345,-4.00588,-7.51899,2.72874,0
12,91,203,160.00000,-7.51754,2.73616,regular,-50,True,150.00000,158.25000,-1.75000,1949,3,1799917,3102,-6.88643,-3.98533,-7.47945,2.71359,0
12,91,203,160.00000,-7.51754,2.73616,regular,-50,True,150.00000,158.25000,-1.75000,1949,3,1799934,3119,-6.86792,-3.98533,-7.46756,2.69941,0
12,91,203,160.00000,-7.51754,2.73616,regular,-50,True,150.00000,158.25000,-1.75000,1949,3,1799950,3135,-6.83089,-3.98533,-7.44376,2.67104,0
12,91,203,160.00000,-7.51754,2.73616,regular,-50,True,150.00000,158.25000,-1.75000,1949,3,1799967,3152,-6.79387,-3.96479,-7.40422,2.65589,0
12,91,203,160.00000,-7.51754,2.73616,regular,-50,True,150.00000,158.25000,-1.75000,1949,3,1799984,3169,-6.73833,-3.94425,-7.35279,2.62655,0
12,91,203,160.00000,-7.51754,2.73616,regular,-50,True,150.00000,158.25000,-1.75000,1949,3,1800000,3185,-6.70131,-3.92371,-7.31325,2.61139,0
12,91,203,160.00000,-7.51754,2.73616,regular,-50,True,150.00000,158.25000,-1.75000,1949,3,1800017,3202,-6.62726,-3.90316,-7.24992,2.56787,0
12,91,203,160.00000,-7.51754,2.73616,regular,-50,True,150.00000,158.25000,-1.75000,1949,3,1800034,3219,-6.57173,-3.88262,-7.19848,2.53853,0
12,91,203,160.00000,-7.51754,2.73616,regular,-50,True,150.00000,158.25000,-1.75000,1949,3,1800051,3236,-6.51619,-3.86208,-7.14705,2.50920,0
12,91,203,160.00000,-7.51754,2.73616,regular,-50,True,150.00000,158.25000,-1.75000,1949,3,1800067,3252,-6.42363,-3.84153,-7.07182,2.45150,0
12,91,203,160.00000,-7.51754,2.73616,regular,-50,True,150.00000,158.25000,-1.75000,1949,3,1800083,3268,-6.33107,-3.82099,-6.99658,2.39380,0
12,91,203,160.00000,-7.51754,2.73616,regular,-50,True,150.00000,158.25000,-1.75000,1949,3,1800100,3285,-6.22000,-3.80045,-6.90945,2.32192,0
12,91,203,160.00000,-7.51754,2.73616,regular,-50,True,150.00000,158.25000,-1.75000,1949,3,1800117,3302,-6.12744,-3.75936,-6.81848,2.27742,0
12,91,203,160.00000,-7.51754,2.73616,regular,-50,True,150.00000,158.25000,-1.75000,1949,3,1800134,3319,-6.01637,-3.73882,-6.73135,2.20554,0
12,91,203,160.00000,-7.51754,2.73616,regular,-50,True,150.00000,158.25000,-1.75000,1949,3,1800150,3335,-5.92381,-3.69773,-6.64038,2.16104,0
12,91,203,160.00000,-7.51754,2.73616,regular,-50,True,150.00000,158.25000,-1.75000,1949,3,1800167,3352,-5.77571,-3.63610,-6.49798,2.08721,0
12,91,203,160.00000,-7.51754,2.73616,regular,-50,True,150.00000,158.25000,-1.75000,1949,3,1800184,3369,-5.62762,-3.57448,-6.35557,2.01338,0
12,91,203,160.00000,-7.51754,2.73616,regular,-50,True,150.00000,158.25000,-1.75000,1949,3,1800201,3386,-5.51655,-3.55393,-6.26844,1.94150,0
12,91,203,160.00000,-7.51754,2.73616,regular,-50,True,150.00000,158.25000,-1.75000,1949,3,1800217,3402,-5.38696,-3.51285,-6.15367,1.86864,0
12,91,203,160.00000,-7.51754,2.73616,regular,-50,True,150.00000,158.25000,-1.75000,1949,3,1800234,3419,-5.22036,-3.47176,-6.01510,1.76742,0
12,91,203,160.00000,-7.51754,2.73616,regular,-50,True,150.00000,158.25000,-1.75000,1949,3,1800250,3435,-5.09077,-3.43067,-5.90034,1.69456,0
12,91,203,160.00000,-7.51754,2.73616,regular,-50,True,150.00000,158.25000,-1.75000,1949,3,1800267,3452,-4.96119,-3.38959,-5.78557,1.62171,0
12,91,203,160.00000,-7.51754,2.73616,regular,-50,True,150.00000,158.25000,-1.75000,1949,3,1800284,3469,-4.85012,-3.34850,-5.68270,1.56303,0
12,91,203,160.00000,-7.51754,2.73616,regular,-50,True,150.00000,158.25000,-1.75000,1949,3,1800300,3485,-4.68351,-3.30742,-5.54413,1.46181,0
12,91,203,160.00000,-7.51754,2.73616,regular,-50,True,150.00000,158.25000,-1.75000,1949,3,1800317,3502,-4.55393,-3.26633,-5.42936,1.38895,0
12,91,203,160.00000,-7.51754,2.73616,regular,-50,True,150.00000,158.25000,-1.75000,1949,3,1800334,3519,-4.29476,-3.22525,-5.23130,1.21683,0
12,91,203,160.00000,-7.51754,2.73616,regular,-50,True,150.00000,158.25000,-1.75000,1949,3,1800351,3536,-4.07262,-3.20470,-5.07277,1.05986,0
12,91,203,160.00000,-7.51754,2.73616,regular,-50,True,150.00000,158.25000,-1.75000,1949,3,1800367,3552,-3.88750,-3.18416,-4.93804,0.93126,0
12,91,203,160.00000,-7.51754,2.73616,regular,-50,True,150.00000,158.25000,-1.75000,1949,3,1800384,3569,-3.70238,-3.16362,-4.80332,0.80266,0
12,91,203,160.00000,-7.51754,2.73616,regular,-50,True,150.00000,158.25000,-1.75000,1949,3,1800401,3586,-3.38768,-3.10199,-4.55382,0.60119,0
12,91,203,160.00000,-7.51754,2.73616,regular,-50,True,150.00000,158.25000,-1.75000,1949,3,1800417,3602,-3.22107,-3.06090,-4.41525,0.49997,0
12,91,203,160.00000,-7.51754,2.73616,regular,-50,True,150.00000,158.25000,-1.75000,1949,3,1800434,3619,-2.92488,-2.97873,-4.16192,0.32590,0
12,91,203,160.00000,-7.51754,2.73616,regular,-50,True,150.00000,158.25000,-1.75000,1949,3,1800451,3636,-2.70274,-2.93764,-3.98765,0.18214,0
12,91,203,160.00000,-7.51754,2.73616,regular,-50,True,150.00000,158.25000,-1.75000,1949,3,1800467,3652,-2.44357,-2.87601,-3.77385,0.02322,0
12,91,203,160.00000,-7.51754,2.73616,regular,-50,True,150.00000,158.25000,-1.75000,1949,3,1800484,3669,-2.11036,-2.81439,-3.51246,-0.19243,0
12,91,203,160.00000,-7.51754,2.73616,regular,-50,True,150.00000,158.25000,-1.75000,1949,3,1800501,3686,-1.83268,-2.77330,-3.30249,-0.37873,0
12,91,203,160.00000,-7.51754,2.73616,regular,-50,True,150.00000,158.25000,-1.75000,1949,3,1800517,3702,-1.55500,-2.73221,-3.09253,-0.56503,0
12,91,203,160.00000,-7.51754,2.73616,regular,-50,True,150.00000,158.25000,-1.75000,1949,3,1800534,3719,-1.18476,-2.69113,-2.82307,-0.82224,0
12,91,203,160.00000,-7.51754,2.73616,regular,-50,True,150.00000,158.25000,-1.75000,1949,3,1800551,3736,-0.88857,-2.65004,-2.60121,-1.02273,0
12,91,203,160.00000,-7.51754,2.73616,regular,-50,True,150.00000,158.25000,-1.75000,1949,3,1800567,3752,-0.61089,-2.58841,-2.37551,-1.19583,0
12,91,203,160.00000,-7.51754,2.73616,regular,-50,True,150.00000,158.25000,-1.75000,1949,3,1800584,3769,-0.27768,-2.48570,-2.08264,-1.38506,0
12,91,203,160.00000,-7.51754,2.73616,regular,-50,True,150.00000,158.25000,-1.75000,1949,3,1800601,3786,-0.01851,-2.42407,-1.86884,-1.54398,0
12,91,203,160.00000,-7.51754,2.73616,regular,-50,True,150.00000,158.25000,-1.75000,1949,3,1800617,3802,0.24065,-2.36244,-1.65504,-1.70290,0
12,91,203,160.00000,-7.51754,2.73616,regular,-50,True,150.00000,158.25000,-1.75000,1949,3,1800634,3819,0.59238,-2.28027,-1.36601,-1.91952,0
12,91,203,160.00000,-7.51754,2.73616,regular,-50,True,150.00000,158.25000,-1.75000,1949,3,1800651,3836,0.83304,-2.23918,-1.17985,-2.07746,0
12,91,203,160.00000,-7.51754,2.73616,regular,-50,True,150.00000,158.25000,-1.75000,1949,3,1800668,3853,1.11071,-2.17755,-0.95415,-2.25056,0
12,91,203,160.00000,-7.51754,2.73616,regular,-50,True,150.00000,158.25000,-1.75000,1949,3,1800684,3869,1.29583,-2.13647,-0.80368,-2.36596,0
12,91,203,160.00000,-7.51754,2.73616,regular,-50,True,150.00000,158.25000,-1.75000,1949,3,1800701,3886,1.48095,-2.09538,-0.65322,-2.48136,0
12,91,203,160.00000,-7.51754,2.73616,regular,-50,True,150.00000,158.25000,-1.75000,1949,3,1800717,3902,1.66607,-2.05430,-0.50275,-2.59676,0
12,91,203,160.00000,-7.51754,2.73616,regular,-50,True,150.00000,158.25000,-1.75000,1949,3,1800734,3919,1.88821,-2.01321,-0.32849,-2.74052,0
12,91,203,160.00000,-7.51754,2.73616,regular,-50,True,150.00000,158.25000,-1.75000,1949,3,1800751,3936,2.01780,-1.97212,-0.21372,-2.81338,0
12,91,203,160.00000,-7.51754,2.73616,regular,-50,True,150.00000,158.25000,-1.75000,1949,3,1800768,3953,2.14738,-1.97212,-0.13043,-2.91265,0
12,91,203,160.00000,-7.51754,2.73616,regular,-50,True,150.00000,158.25000,-1.75000,1949,3,1800784,3969,2.27696,-1.95158,-0.03139,-2.99871,0
12,91,203,160.00000,-7.51754,2.73616,regular,-50,True,150.00000,158.25000,-1.75000,1949,3,1800801,3986,2.38804,-1.95158,0.04000,-3.08379,0
12,91,203,160.00000,-7.51754,2.73616,regular,-50,True,150.00000,158.25000,-1.75000,1949,3,1800818,4003,2.49911,-1.95158,0.11140,-3.16888,0
12,91,203,160.00000,-7.51754,2.73616,regular,-50,True,150.00000,158.25000,-1.75000,1949,3,1800834,4019,2.57315,-1.95158,0.15899,-3.22560,0
12,91,203,160.00000,-7.51754,2.73616,regular,-50,True,150.00000,158.25000,-1.75000,1949,3,1800851,4036,2.64720,-1.97212,0.19085,-3.29553,0
12,91,203,160.00000,-7.51754,2.73616,regular,-50,True,150.00000,158.25000,-1.75000,1949,3,1800868,4053,2.73976,-1.97212,0.25035,-3.36644,0
12,91,203,160.00000,-7.51754,2.73616,regular,-50,True,150.00000,158.25000,-1.75000,1949,3,1800884,4069,2.79530,-1.97212,0.28605,-3.40898,0
12,91,203,160.00000,-7.51754,2.73616,regular,-50,True,150.00000,158.25000,-1.75000,1949,3,1800901,4086,2.86935,-1.95158,0.34938,-3.45250,0
12,91,203,160.00000,-7.51754,2.73616,regular,-50,True,150.00000,158.25000,-1.75000,1949,3,1800918,4103,2.92488,-1.93104,0.40082,-3.48184,0
12,91,203,160.00000,-7.51754,2.73616,regular,-50,True,150.00000,158.25000,-1.75000,1949,3,1800934,4119,2.94339,-1.93104,0.41271,-3.49602,0
12,91,203,160.00000,-7.51754,2.73616,regular,-50,True,150.00000,158.25000,-1.75000,1949,3,1800951,4136,2.96190,-1.91050,0.44035,-3.49699,0
12,91,203,160.00000,-7.51754,2.73616,regular,-50,True,150.00000,158.25000,-1.75000,1949,3,1800968,4153,2.96190,-1.91050,0.44035,-3.49699,0
12,91,203,160.00000,-7.51754,2.73616,regular,-50,True,150.00000,158.25000,-1.75000,1949,3,1800984,4169,2.96190,-1.93104,0.42461,-3.51020,0
12,91,203,160.00000,-7.51754,2.73616,regular,-50,True,150.00000,158.25000,-1.75000,1949,3,1801001,4186,2.96190,-1.93104,0.42461,-3.51020,0
12,91,203,160.00000,-7.51754,2.73616,regular,-50,True,150.00000,158.25000,-1.75000,1949,3,1801018,4203,2.96190,-1.93104,0.42461,-3.51020,0
12,91,203,160.00000,-7.51754,2.73616,regular,-50,True,150.00000,158.25000,-1.75000,1949,3,1801034,4219,2.96190,-1.93104,0.42461,-3.51020,0
12,91,203,160.00000,-7.51754,2.73616,regular,-50,True,150.00000,158.25000,-1.75000,1949,3,1801051,4236,2.96190,-1.93104,0.42461,-3.51020,0
12,91,203,160.00000,-7.51754,2.73616,regular,-50,True,150.00000,158.25000,-1.75000,1949,3,1801068,4253,2.96190,-1.93104,0.42461,-3.51020,0
12,91,203,160.00000,-7.51754,2.73616,regular,-50,True,150.00000,158.25000,-1.75000,1949,3,1801084,4269,2.96190,-1.93104,0.42461,-3.51020,0
12,91,203,160.00000,-7.51754,2.73616,regular,-50,True,150.00000,158.25000,-1.75000,1949,3,1801101,4286,2.96190,-1.93104,0.42461,-3.51020,0
12,91,203,160.00000,-7.51754,2.73616,regular,-50,True,150.00000,158.25000,-1.75000,1949,3,1801118,4303,2.96190,-1.93104,0.42461,-3.51020,0
12,91,203,160.00000,-7.51754,2.73616,regular,-50,True,150.00000,158.25000,-1.75000,1949,3,1801135,4320,2.96190,-1.93104,0.42461,-3.51020,0
12,91,203,160.00000,-7.51754,2.73616,regular,-50,True,150.00000,158.25000,-1.75000,1949,3,1801151,4336,2.96190,-1.93104,0.42461,-3.51020,0
12,91,203,160.00000,-7.51754,2.73616,regular,-50,True,150.00000,158.25000,-1.75000,1949,3,1801168,4353,2.96190,-1.93104,0.42461,-3.51020,0
12,91,203,160.00000,-7.51754,2.73616,regular,-50,True,150.00000,158.25000,-1.75000,1949,3,1801185,4370,2.96190,-1.93104,0.42461,-3.51020,0
12,91,203,160.00000,-7.51754,2.73616,regular,-50,True,150.00000,158.25000,-1.75000,1949,3,1801201,4386,2.96190,-1.93104,0.42461,-3.51020,0
12,91,203,160.00000,-7.51754,2.73616,regular,-50,True,150.00000,158.25000,-1.75000,1949,3,1801218,4403,2.96190,-1.93104,0.42461,-3.51020,0
12,91,203,160.00000,-7.51754,2.73616,regular,-50,True,150.00000,158.25000,-1.75000,1949,3,1801235,4420,2.96190,-1.93104,0.42461,-3.51020,0
12,91,203,160.00000,-7.51754,2.73616,regular,-50,True,150.00000,158.25000,-1.75000,1949,3,1801251,4436,2.96190,-1.93104,0.42461,-3.51020,0
12,91,203,160.00000,-7.51754,2.73616,regular,-50,True,150.00000,158.25000,-1.75000,1949,3,1801268,4453,2.96190,-1.93104,0.42461,-3.51020,0
12,91,203,160.00000,-7.51754,2.73616,regular,-50,True,150.00000,158.25000,-1.75000,1949,3,1801285,4470,2.96190,-1.93104,0.42461,-3.51020,0
12,91,203,160.00000,-7.51754,2.73616,regular,-50,True,150.00000,158.25000,-1.75000,1949,3,1801301,4486,2.96190,-1.93104,0.42461,-3.51020,0
12,91,203,160.00000,-7.51754,2.73616,regular,-50,True,150.00000,158.25000,-1.75000,1949,3,1801318,4503,2.96190,-1.93104,0.42461,-3.51020,0
12,91,203,160.00000,-7.51754,2.73616,regular,-50,True,150.00000,158.25000,-1.75000,1949,3,1801335,4520,2.96190,-1.93104,0.42461,-3.51020,0
12,91,203,160.00000,-7.51754,2.73616,regular,-50,True,150.00000,158.25000,-1.75000,1949,3,1801351,4536,2.96190,-1.93104,0.42461,-3.51020,0
12,91,203,160.00000,-7.51754,2.73616,regular,-50,True,150.00000,158.25000,-1.75000,1949,3,1801368,4553,2.96190,-1.93104,0.42461,-3.51020,0
12,91,203,160.00000,-7.51754,2.73616,regular,-50,True,150.00000,158.25000,-1.75000,1949,3,1801385,4570,2.96190,-1.93104,0.42461,-3.51020,0
12,91,203,160.00000,-7.51754,2.73616,regular,-50,True,150.00000,158.25000,-1.75000,1949,3,1801401,4586,2.96190,-1.93104,0.42461,-3.51020,0
12,91,203,160.00000,-7.51754,2.73616,regular,-50,True,150.00000,158.25000,-1.75000,1949,3,1801418,4603,2.96190,-1.93104,0.42461,-3.51020,0
12,91,203,160.00000,-7.51754,2.73616,regular,-50,True,150.00000,158.25000,-1.75000,1949,3,1801435,4620,2.96190,-1.93104,0.42461,-3.51020,0
12,91,203,160.00000,-7.51754,2.73616,regular,-50,True,150.00000,158.25000,-1.75000,1949,3,1801451,4636,2.96190,-1.93104,0.42461,-3.51020,0
12,91,203,160.00000,-7.51754,2.73616,regular,-50,True,150.00000,158.25000,-1.75000,1949,3,1801468,4653,2.98042,-1.95158,0.42078,-3.53758,0
12,91,203,160.00000,-7.51754,2.73616,regular,-50,True,150.00000,158.25000,-1.75000,1949,3,1801485,4670,2.98042,-1.95158,0.42078,-3.53758,0
12,91,203,160.00000,-7.51754,2.73616,regular,-50,True,150.00000,158.25000,-1.75000,1949,3,1801501,4686,2.99893,-1.97212,0.41694,-3.56497,0
12,91,203,160.00000,-7.51754,2.73616,regular,-50,True,150.00000,158.25000,-1.75000,1949,3,1801518,4703,2.99893,-1.97212,0.41694,-3.56497,0
12,91,203,160.00000,-7.51754,2.73616,regular,-50,True,150.00000,158.25000,-1.75000,1949,3,1801535,4720,2.99893,-1.97212,0.41694,-3.56497,0
12,91,203,160.00000,-7.51754,2.73616,regular,-50,True,150.00000,158.25000,-1.75000,1949,3,1801552,4737,2.99893,-1.97212,0.41694,-3.56497,0
12,91,203,160.00000,-7.51754,2.73616,regular,-50,True,150.00000,158.25000,-1.75000,1949,3,1801568,4753,2.99893,-1.97212,0.41694,-3.56497,0
12,91,203,160.00000,-7.51754,2.73616,regular,-50,True,150.00000,158.25000,-1.75000,1949,3,1801585,4770,2.99893,-1.97212,0.41694,-3.56497,0
12,91,203,160.00000,-7.51754,2.73616,regular,-50,True,150.00000,158.25000,-1.75000,1949,3,1801602,4787,2.99893,-1.97212,0.41694,-3.56497,0
12,91,203,160.00000,-7.51754,2.73616,regular,-50,True,150.00000,158.25000,-1.75000,1949,3,1801618,4803,2.99893,-1.97212,0.41694,-3.56497,0
12,91,203,160.00000,-7.51754,2.73616,regular,-50,True,150.00000,158.25000,-1.75000,1949,3,1801635,4820,2.99893,-1.97212,0.41694,-3.56497,0
12,91,203,160.00000,-7.51754,2.73616,regular,-50,True,150.00000,158.25000,-1.75000,1949,3,1801652,4837,2.99893,-1.97212,0.41694,-3.56497,0
12,91,203,160.00000,-7.51754,2.73616,regular,-50,True,150.00000,158.25000,-1.75000,1949,3,1801668,4853,2.99893,-1.97212,0.41694,-3.56497,0
12,91,203,160.00000,-7.51754,2.73616,regular,-50,True,150.00000,158.25000,-1.75000,1949,3,1801685,4870,2.99893,-1.97212,0.41694,-3.56497,0
12,91,203,160.00000,-7.51754,2.73616,regular,-50,True,150.00000,158.25000,-1.75000,1949,3,1801702,4887,2.99893,-1.97212,0.41694,-3.56497,0
12,91,203,160.00000,-7.51754,2.73616,regular,-50,True,150.00000,158.25000,-1.75000,1949,3,1801718,4903,2.99893,-1.97212,0.41694,-3.56497,0
12,91,203,160.00000,-7.51754,2.73616,regular,-50,True,150.00000,158.25000,-1.75000,1949,3,1801735,4920,2.99893,-1.97212,0.41694,-3.56497,0
12,91,203,160.00000,-7.51754,2.73616,regular,-50,True,150.00000,158.25000,-1.75000,1949,3,1801752,4937,2.99893,-1.97212,0.41694,-3.56497,0
12,91,203,160.00000,-7.51754,2.73616,regular,-50,True,150.00000,158.25000,-1.75000,1949,3,1801768,4953,2.99893,-1.97212,0.41694,-3.56497,0
12,91,203,160.00000,-7.51754,2.73616,regular,-50,True,150.00000,158.25000,-1.75000,1949,3,1801785,4970,2.99893,-1.97212,0.41694,-3.56497,0
12,91,203,160.00000,-7.51754,2.73616,regular,-50,True,150.00000,158.25000,-1.75000,1949,3,1801802,4987,2.99893,-1.97212,0.41694,-3.56497,0
12,91,203,160.00000,-7.51754,2.73616,regular,-50,True,150.00000,158.25000,-1.75000,1949,3,1801819,5004,2.99893,-1.97212,0.41694,-3.56497,0
12,91,203,160.00000,-7.51754,2.73616,regular,-50,True,150.00000,158.25000,-1.75000,1949,3,1801835,5020,2.99893,-1.97212,0.41694,-3.56497,0
12,91,203,160.00000,-7.51754,2.73616,regular,-50,True,150.00000,158.25000,-1.75000,1949,3,1801852,5037,2.99893,-1.97212,0.41694,-3.56497,0
12,91,203,160.00000,-7.51754,2.73616,regular,-50,True,150.00000,158.25000,-1.75000,1949,3,1801868,5053,2.99893,-1.97212,0.41694,-3.56497,0
12,91,203,160.00000,-7.51754,2.73616,regular,-50,True,150.00000,158.25000,-1.75000,1949,3,1801885,5070,2.99893,-1.97212,0.41694,-3.56497,0
12,91,203,160.00000,-7.51754,2.73616,regular,-50,True,150.00000,158.25000,-1.75000,1949,3,1801902,5087,2.99893,-1.97212,0.41694,-3.56497,0
12,91,203,160.00000,-7.51754,2.73616,regular,-50,True,150.00000,158.25000,-1.75000,1949,3,1801918,5103,2.99893,-1.97212,0.41694,-3.56497,0
12,91,203,160.00000,-7.51754,2.73616,regular,-50,True,150.00000,158.25000,-1.75000,1949,3,1801935,5120,3.01744,-1.97212,0.42884,-3.57915,0
12,91,203,160.00000,-7.51754,2.73616,regular,-50,True,150.00000,158.25000,-1.75000,1949,3,1801952,5137,3.01744,-1.97212,0.42884,-3.57915,0
12,91,203,160.00000,-7.51754,2.73616,regular,-50,True,150.00000,158.25000,-1.75000,1949,3,1801969,5154,3.01744,-1.97212,0.42884,-3.57915,0
12,91,203,160.00000,-7.51754,2.73616,regular,-50,True,150.00000,158.25000,-1.75000,1949,3,1801985,5170,3.01744,-1.97212,0.42884,-3.57915,0
12,91,203,160.00000,-7.51754,2.73616,regular,-50,True,150.00000,158.25000,-1.75000,1949,3,1802002,5187,3.01744,-1.97212,0.42884,-3.57915,0
12,91,203,160.00000,-7.51754,2.73616,regular,-50,True,150.00000,158.25000,-1.75000,1949,3,1802019,5204,3.01744,-1.97212,0.42884,-3.57915,0
12,91,203,160.00000,-7.51754,2.73616,regular,-50,True,150.00000,158.25000,-1.75000,1949,3,1802035,5220,3.01744,-1.97212,0.42884,-3.57915,0
12,91,203,160.00000,-7.51754,2.73616,regular,-50,True,150.00000,158.25000,-1.75000,1949,3,1802052,5237,3.01744,-1.97212,0.42884,-3.57915,0
12,91,203,160.00000,-7.51754,2.73616,regular,-50,True,150.00000,158.25000,-1.75000,1949,3,1802069,5254,3.01744,-1.97212,0.42884,-3.57915,0
12,91,203,160.00000,-7.51754,2.73616,regular,-50,True,150.00000,158.25000,-1.75000,1949,3,1802085,5270,3.01744,-1.97212,0.42884,-3.57915,0
12,91,203,160.00000,-7.51754,2.73616,regular,-50,True,150.00000,158.25000,-1.75000,1949,3,1802102,5287,2.99893,-1.99267,0.40120,-3.57817,0
12,91,203,160.00000,-7.51754,2.73616,regular,-50,True,150.00000,158.25000,-1.75000,1949,3,1802119,5304,2.98042,-1.99267,0.38930,-3.56399,0
12,91,203,160.00000,-7.51754,2.73616,regular,-50,True,150.00000,158.25000,-1.75000,1949,3,1802135,5320,2.96190,-1.99267,0.37740,-3.54981,0
12,91,203,160.00000,-7.51754,2.73616,regular,-50,True,150.00000,158.25000,-1.75000,1949,3,1802152,5337,2.96190,-2.01321,0.36167,-3.56302,0
12,91,203,160.00000,-7.51754,2.73616,regular,-50,True,150.00000,158.25000,-1.75000,1949,3,1802169,5354,2.94339,-2.01321,0.34977,-3.54884,0
12,91,203,160.00000,-7.51754,2.73616,regular,-50,True,150.00000,158.25000,-1.75000,1949,3,1802185,5370,2.90637,-2.03375,0.31023,-3.53368,0
12,91,203,160.00000,-7.51754,2.73616,regular,-50,True,150.00000,158.25000,-1.75000,1949,3,1802202,5387,2.88786,-2.03375,0.29833,-3.51950,0
12,91,203,160.00000,-7.51754,2.73616,regular,-50,True,150.00000,158.25000,-1.75000,1949,3,1802219,5404,2.85083,-2.05430,0.25880,-3.50434,0
12,91,203,160.00000,-7.51754,2.73616,regular,-50,True,150.00000,158.25000,-1.75000,1949,3,1802235,5420,2.83232,-2.05430,0.24690,-3.49016,0
12,91,203,160.00000,-7.51754,2.73616,regular,-50,True,150.00000,158.25000,-1.75000,1949,3,1802252,5437,2.79530,-2.07484,0.20736,-3.47500,0
12,91,203,160.00000,-7.51754,2.73616,regular,-50,True,150.00000,158.25000,-1.75000,1949,3,1802269,5454,2.75827,-2.09538,0.16783,-3.45985,0
12,91,203,160.00000,-7.51754,2.73616,regular,-50,True,150.00000,158.25000,-1.75000,1949,3,1802285,5470,2.70274,-2.11593,0.11639,-3.43051,0
12,91,203,160.00000,-7.51754,2.73616,regular,-50,True,150.00000,158.25000,-1.75000,1949,3,1802302,5487,2.62869,-2.13647,0.05306,-3.38699,0
12,91,203,160.00000,-7.51754,2.73616,regular,-50,True,150.00000,158.25000,-1.75000,1949,3,1802319,5504,2.51762,-2.17755,-0.04981,-3.32831,0
12,91,203,160.00000,-7.51754,2.73616,regular,-50,True,150.00000,158.25000,-1.75000,1949,3,1802335,5520,2.42506,-2.21864,-0.14078,-3.28382,0
12,91,203,160.00000,-7.51754,2.73616,regular,-50,True,150.00000,158.25000,-1.75000,1949,3,1802352,5537,2.31399,-2.23918,-0.22791,-3.21194,0
12,91,203,160.00000,-7.51754,2.73616,regular,-50,True,150.00000,158.25000,-1.75000,1949,3,1802369,5554,2.14738,-2.28027,-0.36648,-3.11072,0
12,91,203,160.00000,-7.51754,2.73616,regular,-50,True,150.00000,158.25000,-1.75000,1949,3,1802386,5571,1.99929,-2.34190,-0.50888,-3.03688,0
12,91,203,160.00000,-7.51754,2.73616,regular,-50,True,150.00000,158.25000,-1.75000,1949,3,1802402,5587,1.81417,-2.40353,-0.67508,-2.93469,0
12,91,203,160.00000,-7.51754,2.73616,regular,-50,True,150.00000,158.25000,-1.75000,1949,3,1802419,5604,1.51798,-2.48570,-0.92842,-2.76061,0
12,91,203,160.00000,-7.51754,2.73616,regular,-50,True,150.00000,158.25000,-1.75000,1949,3,1802436,5621,1.29583,-2.54733,-1.11842,-2.63006,0
12,91,203,160.00000,-7.51754,2.73616,regular,-50,True,150.00000,158.25000,-1.75000,1949,3,1802452,5637,1.01815,-2.62950,-1.35986,-2.47016,0
12,91,203,160.00000,-7.51754,2.73616,regular,-50,True,150.00000,158.25000,-1.75000,1949,3,1802469,5654,0.81452,-2.67059,-1.52222,-2.34058,0
12,91,203,160.00000,-7.51754,2.73616,regular,-50,True,150.00000,158.25000,-1.75000,1949,3,1802486,5671,0.61089,-2.73221,-1.70032,-2.22420,0
12,91,203,160.00000,-7.51754,2.73616,regular,-50,True,150.00000,158.25000,-1.75000,1949,3,1802502,5687,0.42577,-2.75276,-1.83505,-2.09560,0
12,91,203,160.00000,-7.51754,2.73616,regular,-50,True,150.00000,158.25000,-1.75000,1949,3,1802519,5704,0.20363,-2.79384,-2.00932,-1.95184,0
12,91,203,160.00000,-7.51754,2.73616,regular,-50,True,150.00000,158.25000,-1.75000,1949,3,1802536,5721,0.07405,-2.81439,-2.10835,-1.86578,0
12,91,203,160.00000,-7.51754,2.73616,regular,-50,True,150.00000,158.25000,-1.75000,1949,3,1802552,5737,-0.01851,-2.81439,-2.16784,-1.79487,0
12,91,203,160.00000,-7.51754,2.73616,regular,-50,True,150.00000,158.25000,-1.75000,1949,3,1802569,5754,-0.11107,-2.83493,-2.24308,-1.73717,0
12,91,203,160.00000,-7.51754,2.73616,regular,-50,True,150.00000,158.25000,-1.75000,1949,3,1802586,5771,-0.18512,-2.83493,-2.29067,-1.68045,0
12,91,203,160.00000,-7.51754,2.73616,regular,-50,True,150.00000,158.25000,-1.75000,1949,3,1802602,5787,-0.24065,-2.83493,-2.32637,-1.63790,0
12,91,203,160.00000,-7.51754,2.73616,regular,-50,True,150.00000,158.25000,-1.75000,1949,3,1802619,5804,-0.25917,-2.83493,-2.33827,-1.62372,0
12,91,203,160.00000,-7.51754,2.73616,regular,-50,True,150.00000,158.25000,-1.75000,1949,3,1802636,5821,-0.25917,-2.83493,-2.33827,-1.62372,0
12,91,203,160.00000,-7.51754,2.73616,regular,-50,True,150.00000,158.25000,-1.75000,1949,3,1802652,5837,-0.25917,-2.83493,-2.33827,-1.62372,0
12,91,203,160.00000,-7.51754,2.73616,regular,-50,True,150.00000,158.25000,-1.75000,1949,3,1802669,5854,-0.25917,-2.83493,-2.33827,-1.62372,0
12,91,203,160.00000,-7.51754,2.73616,regular,-50,True,150.00000,158.25000,-1.75000,1949,3,1802686,5871,-0.25917,-2.83493,-2.33827,-1.62372,0
12,91,203,160.00000,-7.51754,2.73616,regular,-50,True,150.00000,158.25000,-1.75000,1949,3,1802702,5887,-0.25917,-2.83493,-2.33827,-1.62372,0
12,91,203,160.00000,-7.51754,2.73616,regular,-50,True,150.00000,158.25000,-1.75000,1949,3,1802719,5904,-0.25917,-2.83493,-2.33827,-1.62372,0
12,91,203,160.00000,-7.51754,2.73616,regular,-50,True,150.00000,158.25000,-1.75000,1949,3,1802735,5920,-0.25917,-2.83493,-2.33827,-1.62372,0
12,91,203,160.00000,-7.51754,2.73616,regular,-50,True,150.00000,158.25000,-1.75000,1949,3,1802752,5937,-0.25917,-2.83493,-2.33827,-1.62372,0
12,91,203,160.00000,-7.51754,2.73616,regular,-50,True,150.00000,158.25000,-1.75000,1949,3,1802769,5954,-0.25917,-2.83493,-2.33827,-1.62372,0
12,91,203,160.00000,-7.51754,2.73616,regular,-50,True,150.00000,158.25000,-1.75000,1949,3,1802786,5971,-0.25917,-2.83493,-2.33827,-1.62372,0
12,91,203,160.00000,-7.51754,2.73616,regular,-50,True,150.00000,158.25000,-1.75000,1949,3,1802802,5987,-0.25917,-2.83493,-2.33827,-1.62372,0
12,91,203,160.00000,-7.51754,2.73616,regular,-50,True,150.00000,158.25000,-1.75000,1949,3,1802819,6004,-0.25917,-2.83493,-2.33827,-1.62372,0
12,91,203,160.00000,-7.51754,2.73616,regular,-50,True,150.00000,158.25000,-1.75000,1949,3,1802835,6020,-0.25917,-2.83493,-2.33827,-1.62372,0
12,91,203,160.00000,-7.51754,2.73616,regular,-50,True,150.00000,158.25000,-1.75000,1949,3,1802852,6037,-0.25917,-2.83493,-2.33827,-1.62372,0
12,91,203,160.00000,-7.51754,2.73616,regular,-50,True,150.00000,158.25000,-1.75000,1949,3,1802869,6054,-0.25917,-2.83493,-2.33827,-1.62372,0
12,91,203,160.00000,-7.51754,2.73616,regular,-50,True,150.00000,158.25000,-1.75000,1949,3,1802886,6071,-0.25917,-2.83493,-2.33827,-1.62372,0
12,91,203,160.00000,-7.51754,2.73616,regular,-50,True,150.00000,158.25000,-1.75000,1949,3,1802903,6088,-0.25917,-2.83493,-2.33827,-1.62372,0
12,91,203,160.00000,-7.51754,2.73616,regular,-50,True,150.00000,158.25000,-1.75000,1949,3,1802919,6104,-0.25917,-2.83493,-2.33827,-1.62372,0
12,91,203,160.00000,-7.51754,2.73616,regular,-50,True,150.00000,158.25000,-1.75000,1949,3,1802936,6121,-0.25917,-2.83493,-2.33827,-1.62372,0
12,91,203,160.00000,-7.51754,2.73616,regular,-50,True,150.00000,158.25000,-1.75000,1949,3,1802953,6138,-0.25917,-2.83493,-2.33827,-1.62372,0
12,91,203,160.00000,-7.51754,2.73616,regular,-50,True,150.00000,158.25000,-1.75000,1949,3,1802969,6154,-0.25917,-2.83493,-2.33827,-1.62372,0
12,91,203,160.00000,-7.51754,2.73616,regular,-50,True,150.00000,158.25000,-1.75000,1949,3,1802986,6171,-0.25917,-2.83493,-2.33827,-1.62372,0
12,91,203,160.00000,-7.51754,2.73616,regular,-50,True,150.00000,158.25000,-1.75000,1949,3,1803003,6188,-0.25917,-2.81439,-2.32253,-1.61052,0
12,91,203,160.00000,-7.51754,2.73616,regular,-50,True,150.00000,158.25000,-1.75000,1949,3,1803019,6204,-0.24065,-2.77330,-2.27916,-1.59829,0
12,91,203,160.00000,-7.51754,2.73616,regular,-50,True,150.00000,158.25000,-1.75000,1949,3,1803036,6221,-0.22214,-2.73221,-2.23579,-1.58606,0
12,91,203,160.00000,-7.51754,2.73616,regular,-50,True,150.00000,158.25000,-1.75000,1949,3,1803053,6238,-0.20363,-2.69113,-2.19242,-1.57383,0
12,91,203,160.00000,-7.51754,2.73616,regular,-50,True,150.00000,158.25000,-1.75000,1949,3,1803069,6254,-0.18512,-2.65004,-2.14904,-1.56160,0
12,91,203,160.00000,-7.51754,2.73616,regular,-50,True,150.00000,158.25000,-1.75000,1949,3,1803086,6271,-0.16661,-2.54733,-2.05846,-1.50976,0
12,91,203,160.00000,-7.51754,2.73616,regular,-50,True,150.00000,158.25000,-1.75000,1949,3,1803103,6288,-0.12958,-2.30081,-1.84582,-1.37967,0
12,91,203,160.00000,-7.51754,2.73616,regular,-50,True,150.00000,158.25000,-1.75000,1949,3,1803120,6305,-0.12958,-1.99267,-1.60977,-1.18160,0
12,91,203,160.00000,-7.51754,2.73616,regular,-50,True,150.00000,158.25000,-1.75000,1949,3,1803136,6321,-0.12958,-1.68452,-1.37371,-0.98352,0
12,91,203,160.00000,-7.51754,2.73616,regular,-50,True,150.00000,158.25000,-1.75000,1949,3,1803153,6338,-0.11107,-1.39692,-1.14150,-0.81284,0
12,91,203,160.00000,-7.51754,2.73616,regular,-50,True,150.00000,158.25000,-1.75000,1949,3,1803169,6354,-0.09256,-0.96552,-0.79913,-0.54972,0
12,91,203,160.00000,-7.51754,2.73616,regular,-50,True,150.00000,158.25000,-1.75000,1949,3,1803186,6371,-0.05554,-0.65737,-0.53928,-0.38001,0
12,91,203,160.00000,-7.51754,2.73616,regular,-50,True,150.00000,158.25000,-1.75000,1949,3,1803203,6388,-0.01851,-0.34923,-0.27943,-0.21030,0
12,91,203,160.00000,-7.51754,2.73616,regular,-50,True,150.00000,158.25000,-1.75000,1949,3,1803219,6404,0.05554,-0.02054,0.01996,-0.05575,0
