task_idx,trial_idx,cutrial_no,targetangle_deg,targetx_cm,targety_cm,cursortype,rotation_deg,doaiming_bool,aimstart_deg,aim_deg,aimdeviation_deg,aimtime_ms,phase,cutime_ms,time_ms,mousex_cm,mousey_cm,cursorx_cm,cursory_cm,deviation_bool
12,70,182,120.00000,-4.00000,6.92820,regular,-20,True,110.00000,119.25000,-0.75000,1843,0,1465585,0,0.25917,-0.43140,0.09599,-0.49403,0
12,70,182,120.00000,-4.00000,6.92820,regular,-20,True,110.00000,119.25000,-0.75000,1843,0,1465602,17,0.25917,-0.43140,0.09599,-0.49403,0
12,70,182,120.00000,-4.00000,6.92820,regular,-20,True,110.00000,119.25000,-0.75000,1843,0,1465619,34,0.25917,-0.43140,0.09599,-0.49403,0
12,70,182,120.00000,-4.00000,6.92820,regular,-20,True,110.00000,119.25000,-0.75000,1843,0,1465635,50,0.25917,-0.43140,0.09599,-0.49403,0
12,70,182,120.00000,-4.00000,6.92820,regular,-20,True,110.00000,119.25000,-0.75000,1843,0,1465652,67,0.25917,-0.43140,0.09599,-0.49403,0
12,70,182,120.00000,-4.00000,6.92820,regular,-20,True,110.00000,119.25000,-0.75000,1843,0,1465669,84,0.25917,-0.43140,0.09599,-0.49403,0
12,70,182,120.00000,-4.00000,6.92820,regular,-20,True,110.00000,119.25000,-0.75000,1843,0,1465685,100,0.25917,-0.43140,0.09599,-0.49403,0
12,70,182,120.00000,-4.00000,6.92820,regular,-20,True,110.00000,119.25000,-0.75000,1843,0,1465702,117,0.25917,-0.43140,0.09599,-0.49403,0
12,70,182,120.00000,-4.00000,6.92820,regular,-20,True,110.00000,119.25000,-0.75000,1843,0,1465719,134,0.25917,-0.43140,0.09599,-0.49403,0
12,70,182,120.00000,-4.00000,6.92820,regular,-20,True,110.00000,119.25000,-0.75000,1843,0,1465735,150,0.25917,-0.43140,0.09599,-0.49403,0
12,70,182,120.00000,-4.00000,6.92820,regular,-20,True,110.00000,119.25000,-0.75000,1843,0,1465752,167,0.25917,-0.43140,0.09599,-0.49403,0
12,70,182,120.00000,-4.00000,6.92820,regular,-20,True,110.00000,119.25000,-0.75000,1843,0,1465769,184,0.25917,-0.43140,0.09599,-0.49403,0
12,70,182,120.00000,-4.00000,6.92820,regular,-20,True,110.00000,119.25000,-0.75000,1843,0,1465785,200,0.25917,-0.43140,0.09599,-0.49403,0
12,70,182,120.00000,-4.00000,6.92820,regular,-20,True,110.00000,119.25000,-0.75000,1843,0,1465802,217,0.25917,-0.43140,0.09599,-0.49403,0
12,70,182,120.00000,-4.00000,6.92820,regular,-20,True,110.00000,119.25000,-0.75000,1843,0,1465819,234,0.25917,-0.43140,0.09599,-0.49403,0
12,70,182,120.00000,-4.00000,6.92820,regular,-20,True,110.00000,119.25000,-0.75000,1843,0,1465836,251,0.25917,-0.43140,0.09599,-0.49403,0
12,70,182,120.00000,-4.00000,6.92820,regular,-20,True,110.00000,119.25000,-0.75000,1843,0,1465852,267,0.25917,-0.43140,0.09599,-0.49403,0
12,70,182,120.00000,-4.00000,6.92820,regular,-20,True,110.00000,119.25000,-0.75000,1843,0,1465869,284,0.25917,-0.43140,0.09599,-0.49403,0
12,70,182,120.00000,-4.00000,6.92820,regular,-20,True,110.00000,119.25000,-0.75000,1843,0,1465886,301,0.25917,-0.43140,0.09599,-0.49403,0
12,70,182,120.00000,-4.00000,6.92820,regular,-20,True,110.00000,119.25000,-0.75000,1843,0,1465902,317,0.25917,-0.43140,0.09599,-0.49403,0
12,70,182,120.00000,-4.00000,6.92820,regular,-20,True,110.00000,119.25000,-0.75000,1843,0,1465919,334,0.25917,-0.43140,0.09599,-0.49403,0
12,70,182,120.00000,-4.00000,6.92820,regular,-20,True,110.00000,119.25000,-0.75000,1843,0,1465935,350,0.25917,-0.43140,0.09599,-0.49403,0
12,70,182,120.00000,-4.00000,6.92820,regular,-20,True,110.00000,119.25000,-0.75000,1843,0,1465952,367,0.25917,-0.43140,0.09599,-0.49403,0
12,70,182,120.00000,-4.00000,6.92820,regular,-20,True,110.00000,119.25000,-0.75000,1843,0,1465969,384,0.25917,-0.43140,0.09599,-0.49403,0
12,70,182,120.00000,-4.00000,6.92820,regular,-20,True,110.00000,119.25000,-0.75000,1843,0,1465986,401,0.25917,-0.43140,0.09599,-0.49403,0
12,70,182,120.00000,-4.00000,6.92820,regular,-20,True,110.00000,119.25000,-0.75000,1843,0,1466002,417,0.25917,-0.43140,0.09599,-0.49403,0
12,70,182,120.00000,-4.00000,6.92820,regular,-20,True,110.00000,119.25000,-0.75000,1843,0,1466019,434,0.25917,-0.43140,0.09599,-0.49403,0
12,70,182,120.00000,-4.00000,6.92820,regular,-20,True,110.00000,119.25000,-0.75000,1843,0,1466036,451,0.25917,-0.43140,0.09599,-0.49403,0
12,70,182,120.00000,-4.00000,6.92820,regular,-20,True,110.00000,119.25000,-0.75000,1843,0,1466052,467,0.25917,-0.43140,0.09599,-0.49403,0
12,70,182,120.00000,-4.00000,6.92820,regular,-20,True,110.00000,119.25000,-0.75000,1843,0,1466069,484,0.25917,-0.43140,0.09599,-0.49403,0
12,70,182,120.00000,-4.00000,6.92820,regular,-20,True,110.00000,119.25000,-0.75000,1843,0,1466086,501,0.25917,-0.43140,0.09599,-0.49403,0
12,70,182,120.00000,-4.00000,6.92820,regular,-20,True,110.00000,119.25000,-0.75000,1843,0,1466102,517,0.25917,-0.43140,0.09599,-0.49403,0
12,70,182,120.00000,-4.00000,6.92820,regular,-20,True,110.00000,119.25000,-0.75000,1843,0,1466119,534,0.27768,-0.43140,0.11338,-0.50036,0
12,70,182,120.00000,-4.00000,6.92820,regular,-20,True,110.00000,119.25000,-0.75000,1843,0,1466136,551,0.27768,-0.43140,0.11338,-0.50036,0
12,70,182,120.00000,-4.00000,6.92820,regular,-20,True,110.00000,119.25000,-0.75000,1843,0,1466152,567,0.27768,-0.43140,0.11338,-0.50036,0
12,70,182,120.00000,-4.00000,6.92820,regular,-20,True,110.00000,119.25000,-0.75000,1843,0,1466169,584,0.27768,-0.43140,0.11338,-0.50036,0
12,70,182,120.00000,-4.00000,6.92820,regular,-20,True,110.00000,119.25000,-0.75000,1843,0,1466186,601,0.27768,-0.43140,0.11338,-0.50036,0
12,70,182,120.00000,-4.00000,6.92820,regular,-20,True,110.00000,119.25000,-0.75000,1843,0,1466202,617,0.27768,-0.43140,0.11338,-0.50036,0
12,70,182,120.00000,-4.00000,6.92820,regular,-20,True,110.00000,119.25000,-0.75000,1843,0,1466219,634,0.27768,-0.43140,0.11338,-0.50036,0
12,70,182,120.00000,-4.00000,6.92820,regular,-20,True,110.00000,119.25000,-0.75000,1843,0,1466236,651,0.27768,-0.43140,0.11338,-0.50036,0
12,70,182,120.00000,-4.00000,6.92820,regular,-20,True,110.00000,119.25000,-0.75000,1843,0,1466253,668,0.27768,-0.43140,0.11338,-0.50036,0
12,70,182,120.00000,-4.00000,6.92820,regular,-20,True,110.00000,119.25000,-0.75000,1843,0,1466269,684,0.27768,-0.43140,0.11338,-0.50036,0
12,70,182,120.00000,-4.00000,6.92820,regular,-20,True,110.00000,119.25000,-0.75000,1843,0,1466286,701,0.27768,-0.43140,0.11338,-0.50036,0
12,70,182,120.00000,-4.00000,6.92820,regular,-20,True,110.00000,119.25000,-0.75000,1843,0,1466302,717,0.27768,-0.43140,0.11338,-0.50036,0
12,70,182,120.00000,-4.00000,6.92820,regular,-20,True,110.00000,119.25000,-0.75000,1843,0,1466319,734,0.27768,-0.43140,0.11338,-0.50036,0
12,70,182,120.00000,-4.00000,6.92820,regular,-20,True,110.00000,119.25000,-0.75000,1843,0,1466336,751,0.27768,-0.43140,0.11338,-0.50036,0
12,70,182,120.00000,-4.00000,6.92820,regular,-20,True,110.00000,119.25000,-0.75000,1843,0,1466352,767,0.27768,-0.43140,0.11338,-0.50036,0
12,70,182,120.00000,-4.00000,6.92820,regular,-20,True,110.00000,119.25000,-0.75000,1843,0,1466369,784,0.27768,-0.43140,0.11338,-0.50036,0
12,70,182,120.00000,-4.00000,6.92820,regular,-20,True,110.00000,119.25000,-0.75000,1843,0,1466386,801,0.27768,-0.43140,0.11338,-0.50036,0
12,70,182,120.00000,-4.00000,6.92820,regular,-20,True,110.00000,119.25000,-0.75000,1843,0,1466403,818,0.27768,-0.43140,0.11338,-0.50036,0
12,70,182,120.00000,-4.00000,6.92820,regular,-20,True,110.00000,119.25000,-0.75000,1843,0,1466419,834,0.27768,-0.43140,0.11338,-0.50036,0
12,70,182,120.00000,-4.00000,6.92820,regular,-20,True,110.00000,119.25000,-0.75000,1843,0,1466436,851,0.27768,-0.43140,0.11338,-0.50036,0
12,70,182,120.00000,-4.00000,6.92820,regular,-20,True,110.00000,119.25000,-0.75000,1843,0,1466452,867,0.27768,-0.43140,0.11338,-0.50036,0
12,70,182,120.00000,-4.00000,6.92820,regular,-20,True,110.00000,119.25000,-0.75000,1843,0,1466469,884,0.27768,-0.43140,0.11338,-0.50036,0
12,70,182,120.00000,-4.00000,6.92820,regular,-20,True,110.00000,119.25000,-0.75000,1843,0,1466486,901,0.27768,-0.43140,0.11338,-0.50036,0
12,70,182,120.00000,-4.00000,6.92820,regular,-20,True,110.00000,119.25000,-0.75000,1843,0,1466503,918,0.27768,-0.43140,0.11338,-0.50036,0
12,70,182,120.00000,-4.00000,6.92820,regular,-20,True,110.00000,119.25000,-0.75000,1843,0,1466519,934,0.27768,-0.43140,0.11338,-0.50036,0
12,70,182,120.00000,-4.00000,6.92820,regular,-20,True,110.00000,119.25000,-0.75000,1843,0,1466536,951,0.27768,-0.43140,0.11338,-0.50036,0
12,70,182,120.00000,-4.00000,6.92820,regular,-20,True,110.00000,119.25000,-0.75000,1843,0,1466553,968,0.27768,-0.43140,0.11338,-0.50036,0
12,70,182,120.00000,-4.00000,6.92820,regular,-20,True,110.00000,119.25000,-0.75000,1843,0,1466569,984,0.27768,-0.43140,0.11338,-0.50036,0
12,70,182,120.00000,-4.00000,6.92820,regular,-20,True,110.00000,119.25000,-0.75000,1843,0,1466586,1001,0.27768,-0.43140,0.11338,-0.50036,0
12,70,182,120.00000,-4.00000,6.92820,regular,-20,True,110.00000,119.25000,-0.75000,1843,0,1466603,1018,0.27768,-0.43140,0.11338,-0.50036,0
12,70,182,120.00000,-4.00000,6.92820,regular,-20,True,110.00000,119.25000,-0.75000,1843,0,1466619,1034,0.27768,-0.43140,0.11338,-0.50036,0
12,70,182,120.00000,-4.00000,6.92820,regular,-20,True,110.00000,119.25000,-0.75000,1843,0,1466636,1051,0.27768,-0.43140,0.11338,-0.50036,0
12,70,182,120.00000,-4.00000,6.92820,regular,-20,True,110.00000,119.25000,-0.75000,1843,0,1466653,1068,0.27768,-0.43140,0.11338,-0.50036,0
12,70,182,120.00000,-4.00000,6.92820,regular,-20,True,110.00000,119.25000,-0.75000,1843,0,1466669,1084,0.27768,-0.43140,0.11338,-0.50036,0
12,70,182,120.00000,-4.00000,6.92820,regular,-20,True,110.00000,119.25000,-0.75000,1843,0,1466686,1101,0.27768,-0.43140,0.11338,-0.50036,0
12,70,182,120.00000,-4.00000,6.92820,regular,-20,True,110.00000,119.25000,-0.75000,1843,0,1466703,1118,0.27768,-0.43140,0.11338,-0.50036,0
12,70,182,120.00000,-4.00000,6.92820,regular,-20,True,110.00000,119.25000,-0.75000,1843,0,1466719,1134,0.27768,-0.43140,0.11338,-0.50036,0
12,70,182,120.00000,-4.00000,6.92820,regular,-20,True,110.00000,119.25000,-0.75000,1843,0,1466736,1151,0.27768,-0.43140,0.11338,-0.50036,0
12,70,182,120.00000,-4.00000,6.92820,regular,-20,True,110.00000,119.25000,-0.75000,1843,0,1466753,1168,0.27768,-0.43140,0.11338,-0.50036,0
12,70,182,120.00000,-4.00000,6.92820,regular,-20,True,110.00000,119.25000,-0.75000,1843,0,1466769,1184,0.27768,-0.43140,0.11338,-0.50036,0
12,70,182,120.00000,-4.00000,6.92820,regular,-20,True,110.00000,119.25000,-0.75000,1843,0,1466786,1201,0.27768,-0.43140,0.11338,-0.50036,0
12,70,182,120.00000,-4.00000,6.92820,regular,-20,True,110.00000,119.25000,-0.75000,1843,0,1466803,1218,0.27768,-0.43140,0.11338,-0.50036,0
12,70,182,120.00000,-4.00000,6.92820,regular,-20,True,110.00000,119.25000,-0.75000,1843,0,1466820,1235,0.27768,-0.43140,0.11338,-0.50036,0
12,70,182,120.00000,-4.00000,6.92820,regular,-20,True,110.00000,119.25000,-0.75000,1843,0,1466836,1251,0.27768,-0.43140,0.11338,-0.50036,0
12,70,182,120.00000,-4.00000,6.92820,regular,-20,True,110.00000,119.25000,-0.75000,1843,0,1466853,1268,0.27768,-0.43140,0.11338,-0.50036,0
12,70,182,120.00000,-4.00000,6.92820,regular,-20,True,110.00000,119.25000,-0.75000,1843,0,1466869,1284,0.27768,-0.43140,0.11338,-0.50036,0
12,70,182,120.00000,-4.00000,6.92820,regular,-20,True,110.00000,119.25000,-0.75000,1843,0,1466886,1301,0.27768,-0.43140,0.11338,-0.50036,0
12,70,182,120.00000,-4.00000,6.92820,regular,-20,True,110.00000,119.25000,-0.75000,1843,0,1466903,1318,0.27768,-0.43140,0.11338,-0.50036,0
12,70,182,120.00000,-4.00000,6.92820,regular,-20,True,110.00000,119.25000,-0.75000,1843,0,1466920,1335,0.27768,-0.43140,0.11338,-0.50036,0
12,70,182,120.00000,-4.00000,6.92820,regular,-20,True,110.00000,119.25000,-0.75000,1843,0,1466936,1351,0.27768,-0.43140,0.11338,-0.50036,0
12,70,182,120.00000,-4.00000,6.92820,regular,-20,True,110.00000,119.25000,-0.75000,1843,0,1466953,1368,0.27768,-0.43140,0.11338,-0.50036,0
12,70,182,120.00000,-4.00000,6.92820,regular,-20,True,110.00000,119.25000,-0.75000,1843,0,1466970,1385,0.27768,-0.43140,0.11338,-0.50036,0
12,70,182,120.00000,-4.00000,6.92820,regular,-20,True,110.00000,119.25000,-0.75000,1843,0,1466986,1401,0.27768,-0.43140,0.11338,-0.50036,0
12,70,182,120.00000,-4.00000,6.92820,regular,-20,True,110.00000,119.25000,-0.75000,1843,0,1467003,1418,0.27768,-0.43140,0.11338,-0.50036,0
12,70,182,120.00000,-4.00000,6.92820,regular,-20,True,110.00000,119.25000,-0.75000,1843,0,1467020,1435,0.27768,-0.43140,0.11338,-0.50036,0
12,70,182,120.00000,-4.00000,6.92820,regular,-20,True,110.00000,119.25000,-0.75000,1843,0,1467036,1451,0.27768,-0.43140,0.11338,-0.50036,0
12,70,182,120.00000,-4.00000,6.92820,regular,-20,True,110.00000,119.25000,-0.75000,1843,0,1467053,1468,0.27768,-0.43140,0.11338,-0.50036,0
12,70,182,120.00000,-4.00000,6.92820,regular,-20,True,110.00000,119.25000,-0.75000,1843,0,1467070,1485,0.27768,-0.43140,0.11338,-0.50036,0
12,70,182,120.00000,-4.00000,6.92820,regular,-20,True,110.00000,119.25000,-0.75000,1843,0,1467086,1501,0.27768,-0.43140,0.11338,-0.50036,0
12,70,182,120.00000,-4.00000,6.92820,regular,-20,True,110.00000,119.25000,-0.75000,1843,0,1467103,1518,0.27768,-0.43140,0.11338,-0.50036,0
12,70,182,120.00000,-4.00000,6.92820,regular,-20,True,110.00000,119.25000,-0.75000,1843,0,1467120,1535,0.27768,-0.43140,0.11338,-0.50036,0
12,70,182,120.00000,-4.00000,6.92820,regular,-20,True,110.00000,119.25000,-0.75000,1843,0,1467137,1552,0.27768,-0.43140,0.11338,-0.50036,0
12,70,182,120.00000,-4.00000,6.92820,regular,-20,True,110.00000,119.25000,-0.75000,1843,0,1467153,1568,0.27768,-0.43140,0.11338,-0.50036,0
12,70,182,120.00000,-4.00000,6.92820,regular,-20,True,110.00000,119.25000,-0.75000,1843,0,1467170,1585,0.27768,-0.45195,0.10636,-0.51966,0
12,70,182,120.00000,-4.00000,6.92820,regular,-20,True,110.00000,119.25000,-0.75000,1843,0,1467186,1601,0.29619,-0.47249,0.11673,-0.54530,0
12,70,182,120.00000,-4.00000,6.92820,regular,-20,True,110.00000,119.25000,-0.75000,1843,0,1467203,1618,0.29619,-0.51357,0.10268,-0.58390,0
12,70,182,120.00000,-4.00000,6.92820,regular,-20,True,110.00000,119.25000,-0.75000,1843,0,1467220,1635,0.31470,-0.53412,0.11304,-0.60954,0
12,70,182,120.00000,-4.00000,6.92820,regular,-20,True,110.00000,119.25000,-0.75000,1843,0,1467237,1652,0.33321,-0.55466,0.12341,-0.63518,0
12,70,182,120.00000,-4.00000,6.92820,regular,-20,True,110.00000,119.25000,-0.75000,1843,0,1467253,1668,0.33321,-0.57520,0.11639,-0.65448,0
12,70,182,120.00000,-4.00000,6.92820,regular,-20,True,110.00000,119.25000,-0.75000,1843,0,1467270,1685,0.33321,-0.57520,0.11639,-0.65448,0
12,70,182,120.00000,-4.00000,6.92820,regular,-20,True,110.00000,119.25000,-0.75000,1843,0,1467287,1702,0.33321,-0.57520,0.11639,-0.65448,0
12,70,182,120.00000,-4.00000,6.92820,regular,-20,True,110.00000,119.25000,-0.75000,1843,0,1467303,1718,0.33321,-0.57520,0.11639,-0.65448,0
12,70,182,120.00000,-4.00000,6.92820,regular,-20,True,110.00000,119.25000,-0.75000,1843,0,1467320,1735,0.33321,-0.57520,0.11639,-0.65448,0
12,70,182,120.00000,-4.00000,6.92820,regular,-20,True,110.00000,119.25000,-0.75000,1843,0,1467336,1751,0.33321,-0.57520,0.11639,-0.65448,0
12,70,182,120.00000,-4.00000,6.92820,regular,-20,True,110.00000,119.25000,-0.75000,1843,0,1467353,1768,0.35173,-0.57520,0.13378,-0.66081,0
12,70,182,120.00000,-4.00000,6.92820,regular,-20,True,110.00000,119.25000,-0.75000,1843,0,1467370,1785,0.37024,-0.59575,0.14415,-0.68645,0
12,70,182,120.00000,-4.00000,6.92820,regular,-20,True,110.00000,119.25000,-0.75000,1843,0,1467387,1802,0.38875,-0.59575,0.16155,-0.69278,0
12,70,182,120.00000,-4.00000,6.92820,regular,-20,True,110.00000,119.25000,-0.75000,1843,0,1467403,1818,0.40726,-0.59575,0.17894,-0.69911,0
12,70,182,120.00000,-4.00000,6.92820,regular,-20,True,110.00000,119.25000,-0.75000,1843,0,1467420,1835,0.44429,-0.59575,0.21373,-0.71177,0
12,70,182,120.00000,-4.00000,6.92820,regular,-20,True,110.00000,119.25000,-0.75000,1843,0,1467437,1852,0.46280,-0.59575,0.23113,-0.71810,0
12,70,182,120.00000,-4.00000,6.92820,regular,-20,True,110.00000,119.25000,-0.75000,1843,0,1467453,1868,0.49982,-0.59575,0.26592,-0.73077,0
12,70,182,120.00000,-4.00000,6.92820,regular,-20,True,110.00000,119.25000,-0.75000,1843,0,1467470,1885,0.53685,-0.59575,0.30071,-0.74343,0
12,70,182,120.00000,-4.00000,6.92820,regular,-20,True,110.00000,119.25000,-0.75000,1843,0,1467487,1902,0.57387,-0.61629,0.32848,-0.77540,0
12,70,182,120.00000,-4.00000,6.92820,regular,-20,True,110.00000,119.25000,-0.75000,1843,0,1467503,1918,0.61089,-0.61629,0.36327,-0.78806,0
12,70,182,120.00000,-4.00000,6.92820,regular,-20,True,110.00000,119.25000,-0.75000,1843,0,1467520,1935,0.62940,-0.61629,0.38066,-0.79439,0
12,70,182,120.00000,-4.00000,6.92820,regular,-20,True,110.00000,119.25000,-0.75000,1843,0,1467537,1952,0.64792,-0.61629,0.39806,-0.80072,0
12,70,182,120.00000,-4.00000,6.92820,regular,-20,True,110.00000,119.25000,-0.75000,1843,0,1467554,1969,0.64792,-0.61629,0.39806,-0.80072,0
12,70,182,120.00000,-4.00000,6.92820,regular,-20,True,110.00000,119.25000,-0.75000,1843,0,1467570,1985,0.64792,-0.61629,0.39806,-0.80072,0
12,70,182,120.00000,-4.00000,6.92820,regular,-20,True,110.00000,119.25000,-0.75000,1843,0,1467587,2002,0.64792,-0.61629,0.39806,-0.80072,0
12,70,182,120.00000,-4.00000,6.92820,regular,-20,True,110.00000,119.25000,-0.75000,1843,0,1467604,2019,0.62940,-0.61629,0.38066,-0.79439,0
12,70,182,120.00000,-4.00000,6.92820,regular,-20,True,110.00000,119.25000,-0.75000,1843,0,1467620,2035,0.61089,-0.59575,0.37029,-0.76876,0
12,70,182,120.00000,-4.00000,6.92820,regular,-20,True,110.00000,119.25000,-0.75000,1843,0,1467637,2052,0.57387,-0.55466,0.34956,-0.71748,0
12,70,182,120.00000,-4.00000,6.92820,regular,-20,True,110.00000,119.25000,-0.75000,1843,0,1467653,2068,0.53685,-0.51357,0.32882,-0.66621,0
12,70,182,120.00000,-4.00000,6.92820,regular,-20,True,110.00000,119.25000,-0.75000,1843,0,1467670,2085,0.51833,-0.49303,0.31845,-0.64058,0
12,70,182,120.00000,-4.00000,6.92820,regular,-20,True,110.00000,119.25000,-0.75000,1843,0,1467687,2102,0.48131,-0.47249,0.29068,-0.60861,0
12,70,182,120.00000,-4.00000,6.92820,regular,-20,True,110.00000,119.25000,-0.75000,1843,0,1467704,2119,0.44429,-0.45195,0.26292,-0.57664,0
12,70,182,120.00000,-4.00000,6.92820,regular,-20,True,110.00000,119.25000,-0.75000,1843,0,1467720,2135,0.38875,-0.41086,0.22478,-0.51904,0
12,70,182,120.00000,-4.00000,6.92820,regular,-20,True,110.00000,119.25000,-0.75000,1843,0,1467737,2152,0.37024,-0.39032,0.21441,-0.49341,0
12,70,182,120.00000,-4.00000,6.92820,regular,-20,True,110.00000,119.25000,-0.75000,1843,0,1467753,2168,0.33321,-0.36977,0.18665,-0.46144,0
12,70,182,120.00000,-4.00000,6.92820,regular,-20,True,110.00000,119.25000,-0.75000,1843,0,1467770,2185,0.31470,-0.34923,0.17628,-0.43580,0
12,70,182,120.00000,-4.00000,6.92820,regular,-20,True,110.00000,119.25000,-0.75000,1843,0,1467787,2202,0.25917,-0.30814,0.13815,-0.37820,0
12,70,182,120.00000,-4.00000,6.92820,regular,-20,True,110.00000,119.25000,-0.75000,1843,0,1467804,2219,0.24065,-0.28760,0.12778,-0.35257,0
12,70,182,120.00000,-4.00000,6.92820,regular,-20,True,110.00000,119.25000,-0.75000,1843,0,1467820,2235,0.20363,-0.26706,0.10001,-0.32060,0
12,70,182,120.00000,-4.00000,6.92820,regular,-20,True,110.00000,119.25000,-0.75000,1843,0,1467837,2252,0.18512,-0.22597,0.09667,-0.27566,0
12,70,182,120.00000,-4.00000,6.92820,regular,-20,True,110.00000,119.25000,-0.75000,1843,0,1467854,2269,0.14810,-0.20543,0.06890,-0.24369,0
12,70,182,120.00000,-4.00000,6.92820,regular,-20,True,110.00000,119.25000,-0.75000,1843,0,1467870,2285,0.11107,-0.18489,0.04114,-0.21173,0
12,70,182,120.00000,-4.00000,6.92820,regular,-20,True,110.00000,119.25000,-0.75000,1843,1,1467887,2302,0.09256,-0.14380,0.03779,-0.16679,0
12,70,182,120.00000,-4.00000,6.92820,regular,-20,True,110.00000,119.25000,-0.75000,1843,1,1467904,2319,0.07405,-0.12326,0.02743,-0.14115,0
12,70,182,120.00000,-4.00000,6.92820,regular,-20,True,110.00000,119.25000,-0.75000,1843,1,1467920,2335,0.05554,-0.12326,0.01003,-0.13482,0
12,70,182,120.00000,-4.00000,6.92820,regular,-20,True,110.00000,119.25000,-0.75000,1843,1,1467937,2352,0.05554,-0.10271,0.01706,-0.11551,0
12,70,182,120.00000,-4.00000,6.92820,regular,-20,True,110.00000,119.25000,-0.75000,1843,1,1467954,2369,0.01851,-0.06163,-0.00368,-0.06424,0
12,70,182,120.00000,-4.00000,6.92820,regular,-20,True,110.00000,119.25000,-0.75000,1843,1,1467970,2385,-0.01851,-0.02054,-0.02442,-0.01297,0
12,70,182,120.00000,-4.00000,6.92820,regular,-20,True,110.00000,119.25000,-0.75000,1843,1,1467987,2402,-0.01851,-0.02054,-0.02442,-0.01297,0
12,70,182,120.00000,-4.00000,6.92820,regular,-20,True,110.00000,119.25000,-0.75000,1843,1,1468004,2419,-0.03702,0.00000,-0.03479,0.01266,0
12,70,182,120.00000,-4.00000,6.92820,regular,-20,True,110.00000,119.25000,-0.75000,1843,1,1468020,2435,-0.03702,0.02054,-0.02776,0.03197,0
12,70,182,120.00000,-4.00000,6.92820,regular,-20,True,110.00000,119.25000,-0.75000,1843,1,1468037,2452,-0.03702,0.02054,-0.02776,0.03197,0
12,70,182,120.00000,-4.00000,6.92820,regular,-20,True,110.00000,119.25000,-0.75000,1843,1,1468054,2469,-0.03702,0.02054,-0.02776,0.03197,0
12,70,182,120.00000,-4.00000,6.92820,regular,-20,True,110.00000,119.25000,-0.75000,1843,1,1468071,2486,-0.03702,0.02054,-0.02776,0.03197,0
12,70,182,120.00000,-4.00000,6.92820,regular,-20,True,110.00000,119.25000,-0.75000,1843,1,1468087,2502,-0.03702,0.02054,-0.02776,0.03197,0
12,70,182,120.00000,-4.00000,6.92820,regular,-20,True,110.00000,119.25000,-0.75000,1843,1,1468104,2519,-0.03702,0.02054,-0.02776,0.03197,0
12,70,182,120.00000,-4.00000,6.92820,regular,-20,True,110.00000,119.25000,-0.75000,1843,1,1468121,2536,-0.03702,0.02054,-0.02776,0.03197,0
12,70,182,120.00000,-4.00000,6.92820,regular,-20,True,110.00000,119.25000,-0.75000,1843,1,1468137,2552,-0.03702,0.02054,-0.02776,0.03197,0
12,70,182,120.00000,-4.00000,6.92820,regular,-20,True,110.00000,119.25000,-0.75000,1843,1,1468154,2569,-0.03702,0.02054,-0.02776,0.03197,0
12,70,182,120.00000,-4.00000,6.92820,regular,-20,True,110.00000,119.25000,-0.75000,1843,1,1468171,2586,-0.03702,0.02054,-0.02776,0.03197,0
12,70,182,120.00000,-4.00000,6.92820,regular,-20,True,110.00000,119.25000,-0.75000,1843,1,1468187,2602,-0.03702,0.02054,-0.02776,0.03197,0
12,70,182,120.00000,-4.00000,6.92820,regular,-20,True,110.00000,119.25000,-0.75000,1843,1,1468204,2619,-0.03702,0.02054,-0.02776,0.03197,0
12,70,182,120.00000,-4.00000,6.92820,regular,-20,True,110.00000,119.25000,-0.75000,1843,1,1468220,2635,-0.03702,0.02054,-0.02776,0.03197,0
12,70,182,120.00000,-4.00000,6.92820,regular,-20,True,110.00000,119.25000,-0.75000,1843,2,1468237,2652,-0.03702,0.02054,-0.02776,0.03197,0
12,70,182,120.00000,-4.00000,6.92820,regular,-20,True,110.00000,119.25000,-0.75000,1843,2,1468253,2668,-0.03702,0.02054,-0.02776,0.03197,0
12,70,182,120.00000,-4.00000,6.92820,regular,-20,True,110.00000,119.25000,-0.75000,1843,2,1468270,2685,-0.03702,0.02054,-0.02776,0.03197,0
12,70,182,120.00000,-4.00000,6.92820,regular,-20,True,110.00000,119.25000,-0.75000,1843,2,1468287,2702,-0.03702,0.02054,-0.02776,0.03197,0
12,70,182,120.00000,-4.00000,6.92820,regular,-20,True,110.00000,119.25000,-0.75000,1843,2,1468304,2719,-0.03702,0.02054,-0.02776,0.03197,0
12,70,182,120.00000,-4.00000,6.92820,regular,-20,True,110.00000,119.25000,-0.75000,1843,2,1468320,2735,-0.03702,0.02054,-0.02776,0.03197,0
12,70,182,120.00000,-4.00000,6.92820,regular,-20,True,110.00000,119.25000,-0.75000,1843,2,1468337,2752,-0.03702,0.02054,-0.02776,0.03197,0
12,70,182,120.00000,-4.00000,6.92820,regular,-20,True,110.00000,119.25000,-0.75000,1843,2,1468354,2769,-0.03702,0.02054,-0.02776,0.03197,0
12,70,182,120.00000,-4.00000,6.92820,regular,-20,True,110.00000,119.25000,-0.75000,1843,2,1468371,2786,-0.03702,0.02054,-0.02776,0.03197,0
12,70,182,120.00000,-4.00000,6.92820,regular,-20,True,110.00000,119.25000,-0.75000,1843,2,1468387,2802,-0.03702,0.02054,-0.02776,0.03197,0
12,70,182,120.00000,-4.00000,6.92820,regular,-20,True,110.00000,119.25000,-0.75000,1843,2,1468404,2819,-0.03702,0.02054,-0.02776,0.03197,0
12,70,182,120.00000,-4.00000,6.92820,regular,-20,True,110.00000,119.25000,-0.75000,1843,2,1468421,2836,-0.03702,0.02054,-0.02776,0.03197,0
12,70,182,120.00000,-4.00000,6.92820,regular,-20,True,110.00000,119.25000,-0.75000,1843,2,1468438,2853,-0.03702,0.02054,-0.02776,0.03197,0
12,70,182,120.00000,-4.00000,6.92820,regular,-20,True,110.00000,119.25000,-0.75000,1843,2,1468454,2869,-0.03702,0.02054,-0.02776,0.03197,0
12,70,182,120.00000,-4.00000,6.92820,regular,-20,True,110.00000,119.25000,-0.75000,1843,2,1468471,2886,-0.03702,0.02054,-0.02776,0.03197,0
12,70,182,120.00000,-4.00000,6.92820,regular,-20,True,110.00000,119.25000,-0.75000,1843,2,1468487,2902,-0.03702,0.02054,-0.02776,0.03197,0
12,70,182,120.00000,-4.00000,6.92820,regular,-20,True,110.00000,119.25000,-0.75000,1843,2,1468504,2919,-0.03702,0.02054,-0.02776,0.03197,0
12,70,182,120.00000,-4.00000,6.92820,regular,-20,True,110.00000,119.25000,-0.75000,1843,2,1468521,2936,-0.03702,0.02054,-0.02776,0.03197,0
12,70,182,120.00000,-4.00000,6.92820,regular,-20,True,110.00000,119.25000,-0.75000,1843,2,1468537,2952,-0.03702,0.02054,-0.02776,0.03197,0
12,70,182,120.00000,-4.00000,6.92820,regular,-20,True,110.00000,119.25000,-0.75000,1843,2,1468554,2969,-0.03702,0.02054,-0.02776,0.03197,0
12,70,182,120.00000,-4.00000,6.92820,regular,-20,True,110.00000,119.25000,-0.75000,1843,2,1468571,2986,-0.03702,0.02054,-0.02776,0.03197,0
12,70,182,120.00000,-4.00000,6.92820,regular,-20,True,110.00000,119.25000,-0.75000,1843,2,1468588,3003,-0.03702,0.02054,-0.02776,0.03197,0
12,70,182,120.00000,-4.00000,6.92820,regular,-20,True,110.00000,119.25000,-0.75000,1843,2,1468604,3019,-0.03702,0.02054,-0.02776,0.03197,0
12,70,182,120.00000,-4.00000,6.92820,regular,-20,True,110.00000,119.25000,-0.75000,1843,2,1468621,3036,-0.03702,0.02054,-0.02776,0.03197,0
12,70,182,120.00000,-4.00000,6.92820,regular,-20,True,110.00000,119.25000,-0.75000,1843,2,1468638,3053,-0.03702,0.02054,-0.02776,0.03197,0
12,70,182,120.00000,-4.00000,6.92820,regular,-20,True,110.00000,119.25000,-0.75000,1843,2,1468654,3069,-0.03702,0.02054,-0.02776,0.03197,0
12,70,182,120.00000,-4.00000,6.92820,regular,-20,True,110.00000,119.25000,-0.75000,1843,2,1468671,3086,-0.03702,0.02054,-0.02776,0.03197,0
12,70,182,120.00000,-4.00000,6.92820,regular,-20,True,110.00000,119.25000,-0.75000,1843,2,1468688,3103,-0.03702,0.02054,-0.02776,0.03197,0
12,70,182,120.00000,-4.00000,6.92820,regular,-20,True,110.00000,119.25000,-0.75000,1843,2,1468704,3119,-0.05554,0.04109,-0.03813,0.05760,0
12,70,182,120.00000,-4.00000,6.92820,regular,-20,True,110.00000,119.25000,-0.75000,1843,2,1468721,3136,-0.11107,0.08217,-0.07627,0.11520,0
12,70,182,120.00000,-4.00000,6.92820,regular,-20,True,110.00000,119.25000,-0.75000,1843,2,1468738,3153,-0.16661,0.12326,-0.11440,0.17281,0
12,70,182,120.00000,-4.00000,6.92820,regular,-20,True,110.00000,119.25000,-0.75000,1843,2,1468755,3170,-0.22214,0.16434,-0.15254,0.23041,0
12,70,182,120.00000,-4.00000,6.92820,regular,-20,True,110.00000,119.25000,-0.75000,1843,2,1468771,3186,-0.31470,0.22597,-0.21844,0.31998,0
12,70,182,120.00000,-4.00000,6.92820,regular,-20,True,110.00000,119.25000,-0.75000,1843,2,1468788,3203,-0.40726,0.28760,-0.28434,0.40955,0
12,70,182,120.00000,-4.00000,6.92820,regular,-20,True,110.00000,119.25000,-0.75000,1843,2,1468804,3219,-0.49982,0.34923,-0.35023,0.49912,0
12,70,182,120.00000,-4.00000,6.92820,regular,-20,True,110.00000,119.25000,-0.75000,1843,2,1468821,3236,-0.61089,0.45195,-0.41948,0.63363,0
12,70,182,120.00000,-4.00000,6.92820,regular,-20,True,110.00000,119.25000,-0.75000,1843,2,1468838,3253,-0.75899,0.61629,-0.50243,0.83871,0
12,70,182,120.00000,-4.00000,6.92820,regular,-20,True,110.00000,119.25000,-0.75000,1843,2,1468854,3269,-0.92560,0.80118,-0.59576,1.06943,0
12,70,182,120.00000,-4.00000,6.92820,regular,-20,True,110.00000,119.25000,-0.75000,1843,2,1468871,3286,-1.05518,0.94498,-0.66834,1.24888,0
12,70,182,120.00000,-4.00000,6.92820,regular,-20,True,110.00000,119.25000,-0.75000,1843,2,1468888,3303,-1.16625,1.04769,-0.73759,1.38339,0
12,70,182,120.00000,-4.00000,6.92820,regular,-20,True,110.00000,119.25000,-0.75000,1843,2,1468905,3320,-1.29583,1.15041,-0.82422,1.52423,0
12,70,182,120.00000,-4.00000,6.92820,regular,-20,True,110.00000,119.25000,-0.75000,1843,2,1468921,3336,-1.46244,1.29421,-0.93160,1.71634,0
12,70,182,120.00000,-4.00000,6.92820,regular,-20,True,110.00000,119.25000,-0.75000,1843,2,1468938,3353,-1.59202,1.39692,-1.01824,1.85718,1
12,70,182,120.00000,-4.00000,6.92820,regular,-20,True,110.00000,119.25000,-0.75000,1843,2,1468954,3369,-1.77714,1.58181,-1.12896,2.09423,0
12,70,182,120.00000,-4.00000,6.92820,regular,-20,True,110.00000,119.25000,-0.75000,1843,2,1468971,3386,-1.94375,1.80778,-1.20823,2.36356,0
12,70,182,120.00000,-4.00000,6.92820,regular,-20,True,110.00000,119.25000,-0.75000,1843,2,1468988,3403,-2.07333,1.99267,-1.26676,2.58162,0
12,70,182,120.00000,-4.00000,6.92820,regular,-20,True,110.00000,119.25000,-0.75000,1843,2,1469005,3420,-2.20292,2.17755,-1.32530,2.79967,0
12,70,182,120.00000,-4.00000,6.92820,regular,-20,True,110.00000,119.25000,-0.75000,1843,2,1469021,3436,-2.27696,2.28027,-1.35975,2.92152,0
12,70,182,120.00000,-4.00000,6.92820,regular,-20,True,110.00000,119.25000,-0.75000,1843,2,1469038,3453,-2.36952,2.40353,-1.40457,3.06900,0
12,70,182,120.00000,-4.00000,6.92820,regular,-20,True,110.00000,119.25000,-0.75000,1843,2,1469055,3470,-2.48060,2.58841,-1.44571,3.28073,0
12,70,182,120.00000,-4.00000,6.92820,regular,-20,True,110.00000,119.25000,-0.75000,1843,2,1469071,3486,-2.66571,2.85547,-1.52832,3.59499,0
12,70,182,120.00000,-4.00000,6.92820,regular,-20,True,110.00000,119.25000,-0.75000,1843,2,1469088,3503,-2.79530,3.04036,-1.58686,3.81305,0
12,70,182,120.00000,-4.00000,6.92820,regular,-20,True,110.00000,119.25000,-0.75000,1843,2,1469105,3520,-2.85083,3.14307,-1.60391,3.92857,0
12,70,182,120.00000,-4.00000,6.92820,regular,-20,True,110.00000,119.25000,-0.75000,1843,2,1469121,3536,-2.94339,3.24579,-1.65576,4.05674,0
12,70,182,120.00000,-4.00000,6.92820,regular,-20,True,110.00000,119.25000,-0.75000,1843,2,1469138,3553,-3.05446,3.32796,-1.73203,4.17195,0
12,70,182,120.00000,-4.00000,6.92820,regular,-20,True,110.00000,119.25000,-0.75000,1843,2,1469155,3570,-3.18405,3.43067,-1.81867,4.31279,0
12,70,182,120.00000,-4.00000,6.92820,regular,-20,True,110.00000,119.25000,-0.75000,1843,2,1469171,3586,-3.29512,3.51285,-1.89493,4.42799,0
12,70,182,120.00000,-4.00000,6.92820,regular,-20,True,110.00000,119.25000,-0.75000,1843,2,1469188,3603,-3.42470,3.63610,-1.97455,4.58814,0
12,70,182,120.00000,-4.00000,6.92820,regular,-20,True,110.00000,119.25000,-0.75000,1843,2,1469205,3620,-3.49875,3.73882,-2.00900,4.70998,0
12,70,182,120.00000,-4.00000,6.92820,regular,-20,True,110.00000,119.25000,-0.75000,1843,2,1469221,3636,-3.59131,3.84153,-2.06085,4.83816,0
12,70,182,120.00000,-4.00000,6.92820,regular,-20,True,110.00000,119.25000,-0.75000,1843,2,1469238,3653,-3.66536,3.92371,-2.10232,4.94070,0
12,70,182,120.00000,-4.00000,6.92820,regular,-20,True,110.00000,119.25000,-0.75000,1843,2,1469255,3670,-3.79494,4.00588,-2.19599,5.06224,0
12,70,182,120.00000,-4.00000,6.92820,regular,-20,True,110.00000,119.25000,-0.75000,1843,2,1469271,3686,-3.90601,4.06751,-2.27928,5.15814,0
12,70,182,120.00000,-4.00000,6.92820,regular,-20,True,110.00000,119.25000,-0.75000,1843,2,1469288,3703,-3.99857,4.12914,-2.34518,5.24771,0
12,70,182,120.00000,-4.00000,6.92820,regular,-20,True,110.00000,119.25000,-0.75000,1843,2,1469305,3720,-4.09113,4.23185,-2.39703,5.37589,0
12,70,182,120.00000,-4.00000,6.92820,regular,-20,True,110.00000,119.25000,-0.75000,1843,2,1469321,3736,-4.14667,4.29348,-2.42814,5.45279,0
12,70,182,120.00000,-4.00000,6.92820,regular,-20,True,110.00000,119.25000,-0.75000,1843,2,1469338,3753,-4.22071,4.37565,-2.46961,5.55534,0
12,70,182,120.00000,-4.00000,6.92820,regular,-20,True,110.00000,119.25000,-0.75000,1843,2,1469355,3770,-4.25774,4.41674,-2.49035,5.60661,0
12,70,182,120.00000,-4.00000,6.92820,regular,-20,True,110.00000,119.25000,-0.75000,1843,2,1469371,3786,-4.29476,4.45782,-2.51109,5.65788,0
12,70,182,120.00000,-4.00000,6.92820,regular,-20,True,110.00000,119.25000,-0.75000,1843,2,1469388,3803,-4.33179,4.49891,-2.53183,5.70915,0
12,70,182,120.00000,-4.00000,6.92820,regular,-20,True,110.00000,119.25000,-0.75000,1843,2,1469405,3820,-4.36881,4.53999,-2.55257,5.76042,0
12,70,182,120.00000,-4.00000,6.92820,regular,-20,True,110.00000,119.25000,-0.75000,1843,2,1469421,3836,-4.40583,4.58108,-2.57331,5.81169,0
12,70,182,120.00000,-4.00000,6.92820,regular,-20,True,110.00000,119.25000,-0.75000,1843,2,1469438,3853,-4.44286,4.62217,-2.59405,5.86296,0
12,70,182,120.00000,-4.00000,6.92820,regular,-20,True,110.00000,119.25000,-0.75000,1843,2,1469455,3870,-4.46137,4.66325,-2.59739,5.90790,0
12,70,182,120.00000,-4.00000,6.92820,regular,-20,True,110.00000,119.25000,-0.75000,1843,2,1469472,3887,-4.47988,4.68380,-2.60776,5.93354,0
12,70,182,120.00000,-4.00000,6.92820,regular,-20,True,110.00000,119.25000,-0.75000,1843,2,1469488,3903,-4.51690,4.74542,-2.62147,6.00411,0
12,70,182,120.00000,-4.00000,6.92820,regular,-20,True,110.00000,119.25000,-0.75000,1843,2,1469505,3920,-4.53542,4.76597,-2.63184,6.02975,0
12,70,182,120.00000,-4.00000,6.92820,regular,-20,True,110.00000,119.25000,-0.75000,1843,2,1469522,3937,-4.57244,4.80705,-2.65258,6.08102,0
12,70,182,120.00000,-4.00000,6.92820,regular,-20,True,110.00000,119.25000,-0.75000,1843,2,1469538,3953,-4.59095,4.82760,-2.66295,6.10665,0
12,70,182,120.00000,-4.00000,6.92820,regular,-20,True,110.00000,119.25000,-0.75000,1843,2,1469555,3970,-4.62798,4.84814,-2.69071,6.13862,0
12,70,182,120.00000,-4.00000,6.92820,regular,-20,True,110.00000,119.25000,-0.75000,1843,2,1469572,3987,-4.66500,4.88922,-2.71145,6.18989,0
12,70,182,120.00000,-4.00000,6.92820,regular,-20,True,110.00000,119.25000,-0.75000,1843,2,1469588,4003,-4.70202,4.90977,-2.73922,6.22186,0
12,70,182,120.00000,-4.00000,6.92820,regular,-20,True,110.00000,119.25000,-0.75000,1843,2,1469605,4020,-4.75756,4.93031,-2.78438,6.26016,0
12,70,182,120.00000,-4.00000,6.92820,regular,-20,True,110.00000,119.25000,-0.75000,1843,2,1469622,4037,-4.79458,4.95085,-2.81214,6.29212,0
12,70,182,120.00000,-4.00000,6.92820,regular,-20,True,110.00000,119.25000,-0.75000,1843,2,1469639,4054,-4.86863,4.95085,-2.88172,6.31745,0
12,70,182,120.00000,-4.00000,6.92820,regular,-20,True,110.00000,119.25000,-0.75000,1843,2,1469655,4070,-4.94268,4.97140,-2.94428,6.36208,0
12,70,182,120.00000,-4.00000,6.92820,regular,-20,True,110.00000,119.25000,-0.75000,1843,2,1469672,4087,-5.01673,4.97140,-3.01386,6.38741,0
12,70,182,120.00000,-4.00000,6.92820,regular,-20,True,110.00000,119.25000,-0.75000,1843,2,1469688,4103,-5.07226,4.95085,-3.07308,6.38710,0
12,70,182,120.00000,-4.00000,6.92820,regular,-20,True,110.00000,119.25000,-0.75000,1843,2,1469705,4120,-5.14631,4.95085,-3.14266,6.41242,0
12,70,182,120.00000,-4.00000,6.92820,regular,-20,True,110.00000,119.25000,-0.75000,1843,2,1469722,4137,-5.20185,4.93031,-3.20187,6.41211,0
12,70,182,120.00000,-4.00000,6.92820,regular,-20,True,110.00000,119.25000,-0.75000,1843,2,1469739,4154,-5.25738,4.93031,-3.25406,6.43111,0
12,70,182,120.00000,-4.00000,6.92820,regular,-20,True,110.00000,119.25000,-0.75000,1843,2,1469755,4170,-5.33143,4.93031,-3.32364,6.45643,0
12,70,182,120.00000,-4.00000,6.92820,regular,-20,True,110.00000,119.25000,-0.75000,1843,2,1469772,4187,-5.38696,4.93031,-3.37582,6.47543,0
12,70,182,120.00000,-4.00000,6.92820,regular,-20,True,110.00000,119.25000,-0.75000,1843,2,1469788,4203,-5.44250,4.95085,-3.42099,6.51373,0
12,70,182,120.00000,-4.00000,6.92820,regular,-20,True,110.00000,119.25000,-0.75000,1843,2,1469805,4220,-5.49804,4.95085,-3.47317,6.53272,0
12,70,182,120.00000,-4.00000,6.92820,regular,-20,True,110.00000,119.25000,-0.75000,1843,2,1469822,4237,-5.55357,4.95085,-3.52536,6.55171,0
12,70,182,120.00000,-4.00000,6.92820,regular,-20,True,110.00000,119.25000,-0.75000,1843,2,1469838,4253,-5.60911,4.97140,-3.57052,6.59001,0
12,70,182,120.00000,-4.00000,6.92820,regular,-20,True,110.00000,119.25000,-0.75000,1843,2,1469855,4270,-5.64613,4.97140,-3.60531,6.60268,0
12,70,182,120.00000,-4.00000,6.92820,regular,-20,True,110.00000,119.25000,-0.75000,1843,2,1469872,4287,-5.68315,4.99194,-3.63307,6.63464,0
12,70,182,120.00000,-4.00000,6.92820,regular,-20,True,110.00000,119.25000,-0.75000,1843,2,1469889,4304,-5.72018,4.99194,-3.66787,6.64731,0
12,70,182,120.00000,-4.00000,6.92820,regular,-20,True,110.00000,119.25000,-0.75000,1843,2,1469905,4320,-5.77571,5.01248,-3.71303,6.68560,0
12,70,182,120.00000,-4.00000,6.92820,regular,-20,True,110.00000,119.25000,-0.75000,1843,2,1469922,4337,-5.81274,5.03303,-3.74079,6.71757,0
12,70,182,120.00000,-4.00000,6.92820,regular,-20,True,110.00000,119.25000,-0.75000,1843,2,1469939,4354,-5.84976,5.05357,-3.76856,6.74954,0
12,70,182,120.00000,-4.00000,6.92820,regular,-20,True,110.00000,119.25000,-0.75000,1843,2,1469955,4370,-5.88679,5.07411,-3.79632,6.78150,0
12,70,182,120.00000,-4.00000,6.92820,regular,-20,True,110.00000,119.25000,-0.75000,1843,2,1469972,4387,-5.92381,5.11520,-3.81706,6.83278,0
12,70,182,120.00000,-4.00000,6.92820,regular,-20,True,110.00000,119.25000,-0.75000,1843,3,1469988,4403,-5.96083,5.13574,-3.84482,6.86474,0
12,70,182,120.00000,-4.00000,6.92820,regular,-20,True,110.00000,119.25000,-0.75000,1843,3,1470005,4420,-5.99786,5.13574,-3.87962,6.87741,0
12,70,182,120.00000,-4.00000,6.92820,regular,-20,True,110.00000,119.25000,-0.75000,1843,3,1470022,4437,-5.99786,5.15628,-3.87259,6.89671,0
12,70,182,120.00000,-4.00000,6.92820,regular,-20,True,110.00000,119.25000,-0.75000,1843,3,1470039,4454,-6.01637,5.15628,-3.88998,6.90304,0
12,70,182,120.00000,-4.00000,6.92820,regular,-20,True,110.00000,119.25000,-0.75000,1843,3,1470055,4470,-6.03488,5.17683,-3.90035,6.92868,0
12,70,182,120.00000,-4.00000,6.92820,regular,-20,True,110.00000,119.25000,-0.75000,1843,3,1470072,4487,-6.03488,5.17683,-3.90035,6.92868,0
12,70,182,120.00000,-4.00000,6.92820,regular,-20,True,110.00000,119.25000,-0.75000,1843,3,1470089,4504,-6.03488,5.17683,-3.90035,6.92868,0
12,70,182,120.00000,-4.00000,6.92820,regular,-20,True,110.00000,119.25000,-0.75000,1843,3,1470105,4520,-6.03488,5.17683,-3.90035,6.92868,0
12,70,182,120.00000,-4.00000,6.92820,regular,-20,True,110.00000,119.25000,-0.75000,1843,3,1470122,4537,-6.03488,5.17683,-3.90035,6.92868,0
12,70,182,120.00000,-4.00000,6.92820,regular,-20,True,110.00000,119.25000,-0.75000,1843,3,1470139,4554,-6.03488,5.17683,-3.90035,6.92868,0
12,70,182,120.00000,-4.00000,6.92820,regular,-20,True,110.00000,119.25000,-0.75000,1843,3,1470156,4571,-6.03488,5.17683,-3.90035,6.92868,0
12,70,182,120.00000,-4.00000,6.92820,regular,-20,True,110.00000,119.25000,-0.75000,1843,3,1470172,4587,-6.03488,5.17683,-3.90035,6.92868,0
12,70,182,120.00000,-4.00000,6.92820,regular,-20,True,110.00000,119.25000,-0.75000,1843,3,1470189,4604,-6.03488,5.17683,-3.90035,6.92868,0
12,70,182,120.00000,-4.00000,6.92820,regular,-20,True,110.00000,119.25000,-0.75000,1843,3,1470205,4620,-6.05339,5.17683,-3.91775,6.93501,0
12,70,182,120.00000,-4.00000,6.92820,regular,-20,True,110.00000,119.25000,-0.75000,1843,3,1470222,4637,-6.05339,5.17683,-3.91775,6.93501,0
12,70,182,120.00000,-4.00000,6.92820,regular,-20,True,110.00000,119.25000,-0.75000,1843,3,1470239,4654,-6.05339,5.17683,-3.91775,6.93501,0
12,70,182,120.00000,-4.00000,6.92820,regular,-20,True,110.00000,119.25000,-0.75000,1843,3,1470255,4670,-6.05339,5.17683,-3.91775,6.93501,0
12,70,182,120.00000,-4.00000,6.92820,regular,-20,True,110.00000,119.25000,-0.75000,1843,3,1470272,4687,-6.05339,5.17683,-3.91775,6.93501,0
12,70,182,120.00000,-4.00000,6.92820,regular,-20,True,110.00000,119.25000,-0.75000,1843,3,1470289,4704,-6.05339,5.17683,-3.91775,6.93501,0
12,70,182,120.00000,-4.00000,6.92820,regular,-20,True,110.00000,119.25000,-0.75000,1843,3,1470306,4721,-6.05339,5.17683,-3.91775,6.93501,0
12,70,182,120.00000,-4.00000,6.92820,regular,-20,True,110.00000,119.25000,-0.75000,1843,3,1470322,4737,-6.05339,5.17683,-3.91775,6.93501,0
12,70,182,120.00000,-4.00000,6.92820,regular,-20,True,110.00000,119.25000,-0.75000,1843,3,1470339,4754,-6.03488,5.15628,-3.90738,6.90937,0
12,70,182,120.00000,-4.00000,6.92820,regular,-20,True,110.00000,119.25000,-0.75000,1843,3,1470355,4770,-5.99786,5.13574,-3.87962,6.87741,0
12,70,182,120.00000,-4.00000,6.92820,regular,-20,True,110.00000,119.25000,-0.75000,1843,3,1470372,4787,-5.94232,5.09465,-3.84148,6.81980,0
12,70,182,120.00000,-4.00000,6.92820,regular,-20,True,110.00000,119.25000,-0.75000,1843,3,1470389,4804,-5.86827,5.05357,-3.78595,6.75587,0
12,70,182,120.00000,-4.00000,6.92820,regular,-20,True,110.00000,119.25000,-0.75000,1843,3,1470406,4821,-5.79423,4.99194,-3.73745,6.67263,0
12,70,182,120.00000,-4.00000,6.92820,regular,-20,True,110.00000,119.25000,-0.75000,1843,3,1470422,4837,-5.72018,4.90977,-3.69597,6.57009,0
12,70,182,120.00000,-4.00000,6.92820,regular,-20,True,110.00000,119.25000,-0.75000,1843,3,1470439,4854,-5.57208,4.74542,-3.61301,6.36500,0
12,70,182,120.00000,-4.00000,6.92820,regular,-20,True,110.00000,119.25000,-0.75000,1843,3,1470456,4871,-5.46101,4.62217,-3.55080,6.21119,0
12,70,182,120.00000,-4.00000,6.92820,regular,-20,True,110.00000,119.25000,-0.75000,1843,3,1470472,4887,-5.34994,4.49891,-3.48858,6.05738,0
12,70,182,120.00000,-4.00000,6.92820,regular,-20,True,110.00000,119.25000,-0.75000,1843,3,1470489,4904,-5.22036,4.39619,-3.40194,5.91654,0
12,70,182,120.00000,-4.00000,6.92820,regular,-20,True,110.00000,119.25000,-0.75000,1843,3,1470506,4921,-5.05375,4.27294,-3.28754,5.74373,0
12,70,182,120.00000,-4.00000,6.92820,regular,-20,True,110.00000,119.25000,-0.75000,1843,3,1470522,4937,-4.90565,4.17022,-3.18351,5.59656,0
12,70,182,120.00000,-4.00000,6.92820,regular,-20,True,110.00000,119.25000,-0.75000,1843,3,1470539,4954,-4.73905,4.04696,-3.06910,5.42375,0
12,70,182,120.00000,-4.00000,6.92820,regular,-20,True,110.00000,119.25000,-0.75000,1843,3,1470556,4971,-4.59095,3.94425,-2.96507,5.27658,0
12,70,182,120.00000,-4.00000,6.92820,regular,-20,True,110.00000,119.25000,-0.75000,1843,3,1470572,4987,-4.46137,3.84153,-2.87843,5.13574,0
12,70,182,120.00000,-4.00000,6.92820,regular,-20,True,110.00000,119.25000,-0.75000,1843,3,1470589,5004,-4.29476,3.69773,-2.77106,4.94363,0
12,70,182,120.00000,-4.00000,6.92820,regular,-20,True,110.00000,119.25000,-0.75000,1843,3,1470606,5021,-4.16518,3.59502,-2.68442,4.80279,0
12,70,182,120.00000,-4.00000,6.92820,regular,-20,True,110.00000,119.25000,-0.75000,1843,3,1470623,5038,-3.98006,3.45122,-2.55965,4.60434,0
12,70,182,120.00000,-4.00000,6.92820,regular,-20,True,110.00000,119.25000,-0.75000,1843,3,1470639,5054,-3.85048,3.32796,-2.48003,4.44420,0
12,70,182,120.00000,-4.00000,6.92820,regular,-20,True,110.00000,119.25000,-0.75000,1843,3,1470656,5071,-3.70238,3.22525,-2.37600,4.29703,0
12,70,182,120.00000,-4.00000,6.92820,regular,-20,True,110.00000,119.25000,-0.75000,1843,3,1470672,5087,-3.57280,3.10199,-2.29639,4.13688,0
12,70,182,120.00000,-4.00000,6.92820,regular,-20,True,110.00000,119.25000,-0.75000,1843,3,1470689,5104,-3.36917,2.93764,-2.16125,3.91280,0
12,70,182,120.00000,-4.00000,6.92820,regular,-20,True,110.00000,119.25000,-0.75000,1843,3,1470706,5121,-3.22107,2.81439,-2.06424,3.74633,0
12,70,182,120.00000,-4.00000,6.92820,regular,-20,True,110.00000,119.25000,-0.75000,1843,3,1470723,5138,-3.03595,2.67059,-1.93947,3.54789,0
12,70,182,120.00000,-4.00000,6.92820,regular,-20,True,110.00000,119.25000,-0.75000,1843,3,1470739,5154,-2.81381,2.52678,-1.77990,3.33678,0
12,70,182,120.00000,-4.00000,6.92820,regular,-20,True,110.00000,119.25000,-0.75000,1843,3,1470756,5171,-2.72125,2.44461,-1.72103,3.22791,0
12,70,182,120.00000,-4.00000,6.92820,regular,-20,True,110.00000,119.25000,-0.75000,1843,3,1470772,5187,-2.55464,2.30081,-1.61365,3.03580,0
12,70,182,120.00000,-4.00000,6.92820,regular,-20,True,110.00000,119.25000,-0.75000,1843,3,1470789,5204,-2.42506,2.19810,-1.52702,2.89495,0
12,70,182,120.00000,-4.00000,6.92820,regular,-20,True,110.00000,119.25000,-0.75000,1843,3,1470806,5221,-2.31399,2.09538,-1.45777,2.76045,0
12,70,182,120.00000,-4.00000,6.92820,regular,-20,True,110.00000,119.25000,-0.75000,1843,3,1470822,5237,-2.20292,1.99267,-1.38853,2.62594,0
12,70,182,120.00000,-4.00000,6.92820,regular,-20,True,110.00000,119.25000,-0.75000,1843,3,1470839,5254,-2.03631,1.88995,-1.26710,2.47243,0
12,70,182,120.00000,-4.00000,6.92820,regular,-20,True,110.00000,119.25000,-0.75000,1843,3,1470856,5271,-1.92524,1.80778,-1.19083,2.35723,0
12,70,182,120.00000,-4.00000,6.92820,regular,-20,True,110.00000,119.25000,-0.75000,1843,3,1470873,5288,-1.77714,1.72561,-1.07977,2.22936,0
12,70,182,120.00000,-4.00000,6.92820,regular,-20,True,110.00000,119.25000,-0.75000,1843,3,1470889,5304,-1.68458,1.64344,-1.02090,2.12049,0
12,70,182,120.00000,-4.00000,6.92820,regular,-20,True,110.00000,119.25000,-0.75000,1843,3,1470906,5321,-1.59202,1.56127,-0.96203,2.01161,0
12,70,182,120.00000,-4.00000,6.92820,regular,-20,True,110.00000,119.25000,-0.75000,1843,3,1470923,5338,-1.49946,1.47909,-0.90316,1.90274,0
12,70,182,120.00000,-4.00000,6.92820,regular,-20,True,110.00000,119.25000,-0.75000,1843,3,1470939,5354,-1.44393,1.41746,-0.87205,1.82583,0
12,70,182,120.00000,-4.00000,6.92820,regular,-20,True,110.00000,119.25000,-0.75000,1843,3,1470956,5371,-1.33286,1.33529,-0.79578,1.71063,0
12,70,182,120.00000,-4.00000,6.92820,regular,-20,True,110.00000,119.25000,-0.75000,1843,3,1470973,5388,-1.25881,1.31475,-0.73322,1.66600,0
12,70,182,120.00000,-4.00000,6.92820,regular,-20,True,110.00000,119.25000,-0.75000,1843,3,1470989,5404,-1.18476,1.27366,-0.67769,1.60206,0
12,70,182,120.00000,-4.00000,6.92820,regular,-20,True,110.00000,119.25000,-0.75000,1843,3,1471006,5421,-1.11071,1.25312,-0.61514,1.55743,0
12,70,182,120.00000,-4.00000,6.92820,regular,-20,True,110.00000,119.25000,-0.75000,1843,3,1471023,5438,-1.05518,1.23258,-0.56998,1.51914,0
12,70,182,120.00000,-4.00000,6.92820,regular,-20,True,110.00000,119.25000,-0.75000,1843,3,1471039,5454,-1.03667,1.19149,-0.56663,1.47420,0
12,70,182,120.00000,-4.00000,6.92820,regular,-20,True,110.00000,119.25000,-0.75000,1843,3,1471056,5471,-0.99964,1.15041,-0.54590,1.42293,0
12,70,182,120.00000,-4.00000,6.92820,regular,-20,True,110.00000,119.25000,-0.75000,1843,3,1471073,5488,-0.96262,1.10932,-0.52516,1.37165,0
12,70,182,120.00000,-4.00000,6.92820,regular,-20,True,110.00000,119.25000,-0.75000,1843,3,1471089,5504,-0.94411,1.06823,-0.52181,1.32672,0
12,70,182,120.00000,-4.00000,6.92820,regular,-20,True,110.00000,119.25000,-0.75000,1843,3,1471106,5521,-0.88857,0.98606,-0.49773,1.23050,0
12,70,182,120.00000,-4.00000,6.92820,regular,-20,True,110.00000,119.25000,-0.75000,1843,3,1471123,5538,-0.83304,0.92443,-0.46662,1.15360,0
12,70,182,120.00000,-4.00000,6.92820,regular,-20,True,110.00000,119.25000,-0.75000,1843,3,1471140,5555,-0.79601,0.86280,-0.45291,1.08302,0
12,70,182,120.00000,-4.00000,6.92820,regular,-20,True,110.00000,119.25000,-0.75000,1843,3,1471156,5571,-0.75899,0.82172,-0.43217,1.03175,0
12,70,182,120.00000,-4.00000,6.92820,regular,-20,True,110.00000,119.25000,-0.75000,1843,3,1471173,5588,-0.72196,0.78063,-0.41143,0.98048,0
12,70,182,120.00000,-4.00000,6.92820,regular,-20,True,110.00000,119.25000,-0.75000,1843,3,1471190,5605,-0.68494,0.71900,-0.39772,0.90991,0
12,70,182,120.00000,-4.00000,6.92820,regular,-20,True,110.00000,119.25000,-0.75000,1843,3,1471206,5621,-0.64792,0.65737,-0.38401,0.83933,0
12,70,182,120.00000,-4.00000,6.92820,regular,-20,True,110.00000,119.25000,-0.75000,1843,3,1471223,5638,-0.61089,0.61629,-0.36327,0.78806,0
12,70,182,120.00000,-4.00000,6.92820,regular,-20,True,110.00000,119.25000,-0.75000,1843,3,1471239,5654,-0.57387,0.59575,-0.33550,0.75609,0
12,70,182,120.00000,-4.00000,6.92820,regular,-20,True,110.00000,119.25000,-0.75000,1843,3,1471256,5671,-0.55536,0.55466,-0.33216,0.71115,0
12,70,182,120.00000,-4.00000,6.92820,regular,-20,True,110.00000,119.25000,-0.75000,1843,3,1471273,5688,-0.53685,0.53412,-0.32179,0.68552,0
12,70,182,120.00000,-4.00000,6.92820,regular,-20,True,110.00000,119.25000,-0.75000,1843,3,1471290,5705,-0.53685,0.51357,-0.32882,0.66621,0
12,70,182,120.00000,-4.00000,6.92820,regular,-20,True,110.00000,119.25000,-0.75000,1843,3,1471306,5721,-0.51833,0.49303,-0.31845,0.64058,0
12,70,182,120.00000,-4.00000,6.92820,regular,-20,True,110.00000,119.25000,-0.75000,1843,3,1471323,5738,-0.49982,0.47249,-0.30808,0.61494,0
12,70,182,120.00000,-4.00000,6.92820,regular,-20,True,110.00000,119.25000,-0.75000,1843,3,1471340,5755,-0.48131,0.43140,-0.30473,0.57000,0
12,70,182,120.00000,-4.00000,6.92820,regular,-20,True,110.00000,119.25000,-0.75000,1843,3,1471356,5771,-0.46280,0.39032,-0.30139,0.52506,0
12,70,182,120.00000,-4.00000,6.92820,regular,-20,True,110.00000,119.25000,-0.75000,1843,3,1471373,5788,-0.46280,0.36977,-0.30842,0.50576,0
12,70,182,120.00000,-4.00000,6.92820,regular,-20,True,110.00000,119.25000,-0.75000,1843,3,1471390,5805,-0.44429,0.36977,-0.29102,0.49943,0
12,70,182,120.00000,-4.00000,6.92820,regular,-20,True,110.00000,119.25000,-0.75000,1843,3,1471406,5821,-0.44429,0.36977,-0.29102,0.49943,0
12,70,182,120.00000,-4.00000,6.92820,regular,-20,True,110.00000,119.25000,-0.75000,1843,3,1471423,5838,-0.44429,0.36977,-0.29102,0.49943,0
12,70,182,120.00000,-4.00000,6.92820,regular,-20,True,110.00000,119.25000,-0.75000,1843,3,1471440,5855,-0.44429,0.34923,-0.29805,0.48012,0
12,70,182,120.00000,-4.00000,6.92820,regular,-20,True,110.00000,119.25000,-0.75000,1843,3,1471456,5871,-0.42577,0.32869,-0.28768,0.45449,0
12,70,182,120.00000,-4.00000,6.92820,regular,-20,True,110.00000,119.25000,-0.75000,1843,3,1471473,5888,-0.38875,0.28760,-0.26694,0.40322,0
12,70,182,120.00000,-4.00000,6.92820,regular,-20,True,110.00000,119.25000,-0.75000,1843,3,1471490,5905,-0.37024,0.26706,-0.25657,0.37758,0
12,70,182,120.00000,-4.00000,6.92820,regular,-20,True,110.00000,119.25000,-0.75000,1843,3,1471507,5922,-0.33321,0.22597,-0.23583,0.32631,0
12,70,182,120.00000,-4.00000,6.92820,regular,-20,True,110.00000,119.25000,-0.75000,1843,3,1471523,5938,-0.31470,0.22597,-0.21844,0.31998,0
12,70,182,120.00000,-4.00000,6.92820,regular,-20,True,110.00000,119.25000,-0.75000,1843,3,1471540,5955,-0.27768,0.20543,-0.19067,0.28801,0
12,70,182,120.00000,-4.00000,6.92820,regular,-20,True,110.00000,119.25000,-0.75000,1843,3,1471557,5972,-0.24065,0.18489,-0.16291,0.25605,0
12,70,182,120.00000,-4.00000,6.92820,regular,-20,True,110.00000,119.25000,-0.75000,1843,3,1471573,5988,-0.18512,0.16434,-0.11775,0.21775,0
