task_idx,trial_idx,cutrial_no,targetangle_deg,targetx_cm,targety_cm,rotation_deg,doaiming_bool,aimstart_deg,aim_deg,aimdeviation_deg,aimtime_ms,zeroclamped_bool,phase,cutime_ms,time_ms,mousex_cm,mousey_cm,cursorx_cm,cursory_cm,deviation_bool
5,12,60,20.00000,7.51754,2.73616,0,True,10.00000,18.50000,-1.50000,5872,False,0,866289,0,8.49696,1.15041,8.49696,1.15041,0
5,12,60,20.00000,7.51754,2.73616,0,True,10.00000,18.50000,-1.50000,5872,False,0,866305,16,8.49696,1.15041,8.49696,1.15041,0
5,12,60,20.00000,7.51754,2.73616,0,True,10.00000,18.50000,-1.50000,5872,False,0,866322,33,8.49696,1.15041,8.49696,1.15041,0
5,12,60,20.00000,7.51754,2.73616,0,True,10.00000,18.50000,-1.50000,5872,False,0,866339,50,8.49696,1.15041,8.49696,1.15041,0
5,12,60,20.00000,7.51754,2.73616,0,True,10.00000,18.50000,-1.50000,5872,False,0,866355,66,8.49696,1.15041,8.49696,1.15041,0
5,12,60,20.00000,7.51754,2.73616,0,True,10.00000,18.50000,-1.50000,5872,False,0,866372,83,8.49696,1.15041,8.49696,1.15041,0
5,12,60,20.00000,7.51754,2.73616,0,True,10.00000,18.50000,-1.50000,5872,False,0,866388,99,8.66357,1.04769,8.66357,1.04769,0
5,12,60,20.00000,7.51754,2.73616,0,True,10.00000,18.50000,-1.50000,5872,False,0,866405,116,9.12637,0.80118,9.12637,0.80118,0
5,12,60,20.00000,7.51754,2.73616,0,True,10.00000,18.50000,-1.50000,5872,False,0,866422,133,9.14488,0.80118,9.14488,0.80118,0
5,12,60,20.00000,7.51754,2.73616,0,True,10.00000,18.50000,-1.50000,5872,False,0,866439,150,9.16339,0.80118,9.16339,0.80118,0
5,12,60,20.00000,7.51754,2.73616,0,True,10.00000,18.50000,-1.50000,5872,False,0,866455,166,9.20042,0.78063,9.20042,0.78063,0
5,12,60,20.00000,7.51754,2.73616,0,True,10.00000,18.50000,-1.50000,5872,False,0,866472,183,9.23744,0.78063,9.23744,0.78063,0
5,12,60,20.00000,7.51754,2.73616,0,True,10.00000,18.50000,-1.50000,5872,False,0,866489,200,9.29298,0.73955,9.29298,0.73955,0
5,12,60,20.00000,7.51754,2.73616,0,True,10.00000,18.50000,-1.50000,5872,False,0,866505,216,9.33000,0.69846,9.33000,0.69846,0
5,12,60,20.00000,7.51754,2.73616,0,True,10.00000,18.50000,-1.50000,5872,False,0,866522,233,9.38554,0.65737,9.38554,0.65737,0
5,12,60,20.00000,7.51754,2.73616,0,True,10.00000,18.50000,-1.50000,5872,False,0,866539,250,9.45958,0.57520,9.45958,0.57520,0
5,12,60,20.00000,7.51754,2.73616,0,True,10.00000,18.50000,-1.50000,5872,False,0,866555,266,9.51512,0.51357,9.51512,0.51357,0
5,12,60,20.00000,7.51754,2.73616,0,True,10.00000,18.50000,-1.50000,5872,False,0,866572,283,9.57065,0.45195,9.57065,0.45195,0
5,12,60,20.00000,7.51754,2.73616,0,True,10.00000,18.50000,-1.50000,5872,False,0,866589,300,9.62619,0.41086,9.62619,0.41086,0
5,12,60,20.00000,7.51754,2.73616,0,True,10.00000,18.50000,-1.50000,5872,False,0,866605,316,9.64470,0.36977,9.64470,0.36977,0
5,12,60,20.00000,7.51754,2.73616,0,True,10.00000,18.50000,-1.50000,5872,False,0,866622,333,9.66321,0.34923,9.66321,0.34923,0
5,12,60,20.00000,7.51754,2.73616,0,True,10.00000,18.50000,-1.50000,5872,False,0,866639,350,9.68173,0.30814,9.68173,0.30814,0
5,12,60,20.00000,7.51754,2.73616,0,True,10.00000,18.50000,-1.50000,5872,False,0,866655,366,9.68173,0.26706,9.68173,0.26706,0
5,12,60,20.00000,7.51754,2.73616,0,True,10.00000,18.50000,-1.50000,5872,False,0,866672,383,9.66321,0.18489,9.66321,0.18489,0
5,12,60,20.00000,7.51754,2.73616,0,True,10.00000,18.50000,-1.50000,5872,False,0,866689,400,9.62619,0.10271,9.62619,0.10271,0
5,12,60,20.00000,7.51754,2.73616,0,True,10.00000,18.50000,-1.50000,5872,False,0,866705,416,9.58917,0.00000,9.58917,0.00000,0
5,12,60,20.00000,7.51754,2.73616,0,True,10.00000,18.50000,-1.50000,5872,False,0,866722,433,9.51512,-0.14380,9.51512,-0.14380,0
5,12,60,20.00000,7.51754,2.73616,0,True,10.00000,18.50000,-1.50000,5872,False,0,866739,450,9.42256,-0.26706,9.42256,-0.26706,0
5,12,60,20.00000,7.51754,2.73616,0,True,10.00000,18.50000,-1.50000,5872,False,0,866756,467,9.23744,-0.47249,9.23744,-0.47249,0
5,12,60,20.00000,7.51754,2.73616,0,True,10.00000,18.50000,-1.50000,5872,False,0,866772,483,9.01530,-0.61629,9.01530,-0.61629,0
5,12,60,20.00000,7.51754,2.73616,0,True,10.00000,18.50000,-1.50000,5872,False,0,866789,500,8.77464,-0.71900,8.77464,-0.71900,0
5,12,60,20.00000,7.51754,2.73616,0,True,10.00000,18.50000,-1.50000,5872,False,0,866805,516,8.49696,-0.84226,8.49696,-0.84226,0
5,12,60,20.00000,7.51754,2.73616,0,True,10.00000,18.50000,-1.50000,5872,False,0,866822,533,8.08970,-0.96552,8.08970,-0.96552,0
5,12,60,20.00000,7.51754,2.73616,0,True,10.00000,18.50000,-1.50000,5872,False,0,866839,550,7.84905,-1.02715,7.84905,-1.02715,0
5,12,60,20.00000,7.51754,2.73616,0,True,10.00000,18.50000,-1.50000,5872,False,0,866856,567,7.64542,-1.08878,7.64542,-1.08878,0
5,12,60,20.00000,7.51754,2.73616,0,True,10.00000,18.50000,-1.50000,5872,False,0,866872,583,7.42327,-1.12986,7.42327,-1.12986,0
5,12,60,20.00000,7.51754,2.73616,0,True,10.00000,18.50000,-1.50000,5872,False,0,866889,600,7.34923,-1.15041,7.34923,-1.15041,0
5,12,60,20.00000,7.51754,2.73616,0,True,10.00000,18.50000,-1.50000,5872,False,0,866905,616,7.27518,-1.19149,7.27518,-1.19149,0
5,12,60,20.00000,7.51754,2.73616,0,True,10.00000,18.50000,-1.50000,5872,False,0,866922,633,7.14559,-1.27366,7.14559,-1.27366,0
5,12,60,20.00000,7.51754,2.73616,0,True,10.00000,18.50000,-1.50000,5872,False,0,866939,650,6.99750,-1.39692,6.99750,-1.39692,0
5,12,60,20.00000,7.51754,2.73616,0,True,10.00000,18.50000,-1.50000,5872,False,0,866956,667,6.73833,-1.68452,6.73833,-1.68452,0
5,12,60,20.00000,7.51754,2.73616,0,True,10.00000,18.50000,-1.50000,5872,False,0,866972,683,6.55321,-1.99267,6.55321,-1.99267,0
5,12,60,20.00000,7.51754,2.73616,0,True,10.00000,18.50000,-1.50000,5872,False,0,866989,700,6.46066,-2.38298,6.46066,-2.38298,0
5,12,60,20.00000,7.51754,2.73616,0,True,10.00000,18.50000,-1.50000,5872,False,0,867006,717,6.36810,-2.77330,6.36810,-2.77330,0
5,12,60,20.00000,7.51754,2.73616,0,True,10.00000,18.50000,-1.50000,5872,False,0,867023,734,6.27554,-3.24579,6.27554,-3.24579,0
5,12,60,20.00000,7.51754,2.73616,0,True,10.00000,18.50000,-1.50000,5872,False,0,867039,750,6.18298,-3.73882,6.18298,-3.73882,0
5,12,60,20.00000,7.51754,2.73616,0,True,10.00000,18.50000,-1.50000,5872,False,0,867056,767,6.01637,-4.39619,6.01637,-4.39619,0
5,12,60,20.00000,7.51754,2.73616,0,True,10.00000,18.50000,-1.50000,5872,False,0,867072,783,5.88679,-4.84814,5.88679,-4.84814,0
5,12,60,20.00000,7.51754,2.73616,0,True,10.00000,18.50000,-1.50000,5872,False,0,867089,800,5.70167,-5.30008,5.70167,-5.30008,0
5,12,60,20.00000,7.51754,2.73616,0,True,10.00000,18.50000,-1.50000,5872,False,0,867106,817,5.55357,-5.54660,5.55357,-5.54660,0
5,12,60,20.00000,7.51754,2.73616,0,True,10.00000,18.50000,-1.50000,5872,False,0,867122,833,5.38696,-5.69040,5.38696,-5.69040,0
5,12,60,20.00000,7.51754,2.73616,0,True,10.00000,18.50000,-1.50000,5872,False,0,867139,850,5.16482,-5.77257,5.16482,-5.77257,0
5,12,60,20.00000,7.51754,2.73616,0,True,10.00000,18.50000,-1.50000,5872,False,0,867156,867,4.99821,-5.81366,4.99821,-5.81366,0
5,12,60,20.00000,7.51754,2.73616,0,True,10.00000,18.50000,-1.50000,5872,False,0,867172,883,4.81310,-5.81366,4.81310,-5.81366,0
5,12,60,20.00000,7.51754,2.73616,0,True,10.00000,18.50000,-1.50000,5872,False,0,867189,900,4.64649,-5.77257,4.64649,-5.77257,0
5,12,60,20.00000,7.51754,2.73616,0,True,10.00000,18.50000,-1.50000,5872,False,0,867206,917,4.46137,-5.73149,4.46137,-5.73149,0
5,12,60,20.00000,7.51754,2.73616,0,True,10.00000,18.50000,-1.50000,5872,False,0,867223,934,4.38732,-5.66986,4.38732,-5.66986,0
5,12,60,20.00000,7.51754,2.73616,0,True,10.00000,18.50000,-1.50000,5872,False,0,867239,950,4.25774,-5.50551,4.25774,-5.50551,0
5,12,60,20.00000,7.51754,2.73616,0,True,10.00000,18.50000,-1.50000,5872,False,0,867256,967,4.16518,-5.25900,4.16518,-5.25900,0
5,12,60,20.00000,7.51754,2.73616,0,True,10.00000,18.50000,-1.50000,5872,False,0,867273,984,4.12815,-5.05357,4.12815,-5.05357,0
5,12,60,20.00000,7.51754,2.73616,0,True,10.00000,18.50000,-1.50000,5872,False,0,867289,1000,4.12815,-4.78651,4.12815,-4.78651,0
5,12,60,20.00000,7.51754,2.73616,0,True,10.00000,18.50000,-1.50000,5872,False,0,867306,1017,4.14667,-4.58108,4.14667,-4.58108,0
5,12,60,20.00000,7.51754,2.73616,0,True,10.00000,18.50000,-1.50000,5872,False,0,867323,1034,4.20220,-4.31402,4.20220,-4.31402,0
5,12,60,20.00000,7.51754,2.73616,0,True,10.00000,18.50000,-1.50000,5872,False,0,867339,1050,4.23923,-4.10859,4.23923,-4.10859,0
5,12,60,20.00000,7.51754,2.73616,0,True,10.00000,18.50000,-1.50000,5872,False,0,867356,1067,4.29476,-3.86208,4.29476,-3.86208,0
5,12,60,20.00000,7.51754,2.73616,0,True,10.00000,18.50000,-1.50000,5872,False,0,867373,1084,4.33179,-3.49230,4.33179,-3.49230,0
5,12,60,20.00000,7.51754,2.73616,0,True,10.00000,18.50000,-1.50000,5872,False,0,867389,1100,4.35030,-3.16362,4.35030,-3.16362,0
5,12,60,20.00000,7.51754,2.73616,0,True,10.00000,18.50000,-1.50000,5872,False,0,867406,1117,4.36881,-2.79384,4.36881,-2.79384,0
5,12,60,20.00000,7.51754,2.73616,0,True,10.00000,18.50000,-1.50000,5872,False,0,867423,1134,4.38732,-2.38298,4.38732,-2.38298,0
5,12,60,20.00000,7.51754,2.73616,0,True,10.00000,18.50000,-1.50000,5872,False,0,867439,1150,4.36881,-1.82832,4.36881,-1.82832,0
5,12,60,20.00000,7.51754,2.73616,0,True,10.00000,18.50000,-1.50000,5872,False,0,867456,1167,4.36881,-1.47909,4.36881,-1.47909,0
5,12,60,20.00000,7.51754,2.73616,0,True,10.00000,18.50000,-1.50000,5872,False,0,867473,1184,4.36881,-1.06823,4.36881,-1.06823,0
5,12,60,20.00000,7.51754,2.73616,0,True,10.00000,18.50000,-1.50000,5872,False,0,867489,1200,4.36881,-0.78063,4.36881,-0.78063,0
5,12,60,20.00000,7.51754,2.73616,0,True,10.00000,18.50000,-1.50000,5872,False,0,867506,1217,4.38732,-0.51357,4.38732,-0.51357,0
5,12,60,20.00000,7.51754,2.73616,0,True,10.00000,18.50000,-1.50000,5872,False,0,867522,1233,4.40583,-0.30814,4.40583,-0.30814,0
5,12,60,20.00000,7.51754,2.73616,0,True,10.00000,18.50000,-1.50000,5872,False,0,867539,1250,4.42435,-0.20543,4.42435,-0.20543,0
5,12,60,20.00000,7.51754,2.73616,0,True,10.00000,18.50000,-1.50000,5872,False,0,867556,1267,4.46137,-0.12326,4.46137,-0.12326,0
5,12,60,20.00000,7.51754,2.73616,0,True,10.00000,18.50000,-1.50000,5872,False,0,867573,1284,4.57244,0.00000,4.57244,0.00000,0
5,12,60,20.00000,7.51754,2.73616,0,True,10.00000,18.50000,-1.50000,5872,False,0,867589,1300,4.64649,0.06163,4.64649,0.06163,0
5,12,60,20.00000,7.51754,2.73616,0,True,10.00000,18.50000,-1.50000,5872,False,0,867606,1317,4.73905,0.08217,4.73905,0.08217,0
5,12,60,20.00000,7.51754,2.73616,0,True,10.00000,18.50000,-1.50000,5872,False,0,867623,1334,4.85012,0.08217,4.85012,0.08217,0
5,12,60,20.00000,7.51754,2.73616,0,True,10.00000,18.50000,-1.50000,5872,False,0,867639,1350,4.96119,0.06163,4.96119,0.06163,0
5,12,60,20.00000,7.51754,2.73616,0,True,10.00000,18.50000,-1.50000,5872,False,0,867656,1367,5.10929,0.04109,5.10929,0.04109,0
5,12,60,20.00000,7.51754,2.73616,0,True,10.00000,18.50000,-1.50000,5872,False,0,867673,1384,5.23887,0.02054,5.23887,0.02054,0
5,12,60,20.00000,7.51754,2.73616,0,True,10.00000,18.50000,-1.50000,5872,False,0,867689,1400,5.36845,-0.02054,5.36845,-0.02054,0
5,12,60,20.00000,7.51754,2.73616,0,True,10.00000,18.50000,-1.50000,5872,False,0,867706,1417,5.53506,-0.08217,5.53506,-0.08217,0
5,12,60,20.00000,7.51754,2.73616,0,True,10.00000,18.50000,-1.50000,5872,False,0,867723,1434,5.64613,-0.10271,5.64613,-0.10271,0
5,12,60,20.00000,7.51754,2.73616,0,True,10.00000,18.50000,-1.50000,5872,False,0,867740,1451,5.75720,-0.14380,5.75720,-0.14380,0
5,12,60,20.00000,7.51754,2.73616,0,True,10.00000,18.50000,-1.50000,5872,False,0,867756,1467,5.86827,-0.16434,5.86827,-0.16434,0
5,12,60,20.00000,7.51754,2.73616,0,True,10.00000,18.50000,-1.50000,5872,False,0,867773,1484,6.01637,-0.20543,6.01637,-0.20543,0
5,12,60,20.00000,7.51754,2.73616,0,True,10.00000,18.50000,-1.50000,5872,False,0,867790,1501,6.09042,-0.26706,6.09042,-0.26706,0
5,12,60,20.00000,7.51754,2.73616,0,True,10.00000,18.50000,-1.50000,5872,False,0,867806,1517,6.20149,-0.36977,6.20149,-0.36977,0
5,12,60,20.00000,7.51754,2.73616,0,True,10.00000,18.50000,-1.50000,5872,False,0,867823,1534,6.27554,-0.45195,6.27554,-0.45195,0
5,12,60,20.00000,7.51754,2.73616,0,True,10.00000,18.50000,-1.50000,5872,False,0,867840,1551,6.33107,-0.57520,6.33107,-0.57520,0
5,12,60,20.00000,7.51754,2.73616,0,True,10.00000,18.50000,-1.50000,5872,False,0,867856,1567,6.38661,-0.69846,6.38661,-0.69846,0
5,12,60,20.00000,7.51754,2.73616,0,True,10.00000,18.50000,-1.50000,5872,False,0,867873,1584,6.44214,-0.88335,6.44214,-0.88335,0
5,12,60,20.00000,7.51754,2.73616,0,True,10.00000,18.50000,-1.50000,5872,False,0,867890,1601,6.47917,-1.04769,6.47917,-1.04769,0
5,12,60,20.00000,7.51754,2.73616,0,True,10.00000,18.50000,-1.50000,5872,False,0,867907,1618,6.47917,-1.10932,6.47917,-1.10932,0
5,12,60,20.00000,7.51754,2.73616,0,True,10.00000,18.50000,-1.50000,5872,False,0,867923,1634,6.47917,-1.12986,6.47917,-1.12986,0
5,12,60,20.00000,7.51754,2.73616,0,True,10.00000,18.50000,-1.50000,5872,False,0,867940,1651,6.44214,-1.08878,6.44214,-1.08878,0
5,12,60,20.00000,7.51754,2.73616,0,True,10.00000,18.50000,-1.50000,5872,False,0,867956,1667,6.36810,-0.94498,6.36810,-0.94498,0
5,12,60,20.00000,7.51754,2.73616,0,True,10.00000,18.50000,-1.50000,5872,False,0,867973,1684,6.16446,-0.51357,6.16446,-0.51357,0
5,12,60,20.00000,7.51754,2.73616,0,True,10.00000,18.50000,-1.50000,5872,False,0,867990,1701,6.01637,-0.20543,6.01637,-0.20543,0
5,12,60,20.00000,7.51754,2.73616,0,True,10.00000,18.50000,-1.50000,5872,False,0,868006,1717,5.84976,0.08217,5.84976,0.08217,0
5,12,60,20.00000,7.51754,2.73616,0,True,10.00000,18.50000,-1.50000,5872,False,0,868023,1734,5.72018,0.32869,5.72018,0.32869,0
5,12,60,20.00000,7.51754,2.73616,0,True,10.00000,18.50000,-1.50000,5872,False,0,868040,1751,5.53506,0.61629,5.53506,0.61629,0
5,12,60,20.00000,7.51754,2.73616,0,True,10.00000,18.50000,-1.50000,5872,False,0,868056,1767,5.40548,0.80118,5.40548,0.80118,0
5,12,60,20.00000,7.51754,2.73616,0,True,10.00000,18.50000,-1.50000,5872,False,0,868073,1784,5.27589,0.98606,5.27589,0.98606,0
5,12,60,20.00000,7.51754,2.73616,0,True,10.00000,18.50000,-1.50000,5872,False,0,868090,1801,5.16482,1.15041,5.16482,1.15041,0
5,12,60,20.00000,7.51754,2.73616,0,True,10.00000,18.50000,-1.50000,5872,False,0,868107,1818,5.05375,1.29421,5.05375,1.29421,0
5,12,60,20.00000,7.51754,2.73616,0,True,10.00000,18.50000,-1.50000,5872,False,0,868123,1834,4.94268,1.43801,4.94268,1.43801,0
5,12,60,20.00000,7.51754,2.73616,0,True,10.00000,18.50000,-1.50000,5872,False,0,868140,1851,4.83161,1.52018,4.83161,1.52018,0
5,12,60,20.00000,7.51754,2.73616,0,True,10.00000,18.50000,-1.50000,5872,False,0,868156,1867,4.75756,1.60235,4.75756,1.60235,0
5,12,60,20.00000,7.51754,2.73616,0,True,10.00000,18.50000,-1.50000,5872,False,0,868173,1884,4.72054,1.60235,4.72054,1.60235,0
5,12,60,20.00000,7.51754,2.73616,0,True,10.00000,18.50000,-1.50000,5872,False,0,868190,1901,4.75756,1.49964,4.75756,1.49964,0
5,12,60,20.00000,7.51754,2.73616,0,True,10.00000,18.50000,-1.50000,5872,False,0,868207,1918,4.81310,1.27366,4.81310,1.27366,0
5,12,60,20.00000,7.51754,2.73616,0,True,10.00000,18.50000,-1.50000,5872,False,0,868223,1934,4.96119,0.82172,4.96119,0.82172,0
5,12,60,20.00000,7.51754,2.73616,0,True,10.00000,18.50000,-1.50000,5872,False,0,868240,1951,5.09077,0.47249,5.09077,0.47249,0
5,12,60,20.00000,7.51754,2.73616,0,True,10.00000,18.50000,-1.50000,5872,False,0,868257,1968,5.20185,0.12326,5.20185,0.12326,0
5,12,60,20.00000,7.51754,2.73616,0,True,10.00000,18.50000,-1.50000,5872,False,0,868273,1984,5.31292,-0.28760,5.31292,-0.28760,0
5,12,60,20.00000,7.51754,2.73616,0,True,10.00000,18.50000,-1.50000,5872,False,0,868290,2001,5.38696,-0.53412,5.38696,-0.53412,0
5,12,60,20.00000,7.51754,2.73616,0,True,10.00000,18.50000,-1.50000,5872,False,0,868307,2018,5.40548,-0.78063,5.40548,-0.78063,0
5,12,60,20.00000,7.51754,2.73616,0,True,10.00000,18.50000,-1.50000,5872,False,0,868323,2034,5.40548,-1.00661,5.40548,-1.00661,0
5,12,60,20.00000,7.51754,2.73616,0,True,10.00000,18.50000,-1.50000,5872,False,0,868340,2051,5.36845,-1.31475,5.36845,-1.31475,0
5,12,60,20.00000,7.51754,2.73616,0,True,10.00000,18.50000,-1.50000,5872,False,0,868357,2068,5.31292,-1.56127,5.31292,-1.56127,0
5,12,60,20.00000,7.51754,2.73616,0,True,10.00000,18.50000,-1.50000,5872,False,0,868373,2084,5.20185,-1.88995,5.20185,-1.88995,0
5,12,60,20.00000,7.51754,2.73616,0,True,10.00000,18.50000,-1.50000,5872,False,0,868390,2101,5.10929,-2.11593,5.10929,-2.11593,0
5,12,60,20.00000,7.51754,2.73616,0,True,10.00000,18.50000,-1.50000,5872,False,0,868407,2118,4.99821,-2.30081,4.99821,-2.30081,0
5,12,60,20.00000,7.51754,2.73616,0,True,10.00000,18.50000,-1.50000,5872,False,0,868423,2134,4.88714,-2.52678,4.88714,-2.52678,0
5,12,60,20.00000,7.51754,2.73616,0,True,10.00000,18.50000,-1.50000,5872,False,0,868440,2151,4.81310,-2.62950,4.81310,-2.62950,0
5,12,60,20.00000,7.51754,2.73616,0,True,10.00000,18.50000,-1.50000,5872,False,0,868457,2168,4.70202,-2.79384,4.70202,-2.79384,0
5,12,60,20.00000,7.51754,2.73616,0,True,10.00000,18.50000,-1.50000,5872,False,0,868473,2184,4.59095,-2.99927,4.59095,-2.99927,0
5,12,60,20.00000,7.51754,2.73616,0,True,10.00000,18.50000,-1.50000,5872,False,0,868490,2201,4.46137,-3.20470,4.46137,-3.20470,0
5,12,60,20.00000,7.51754,2.73616,0,True,10.00000,18.50000,-1.50000,5872,False,0,868507,2218,4.36881,-3.36905,4.36881,-3.36905,0
5,12,60,20.00000,7.51754,2.73616,0,True,10.00000,18.50000,-1.50000,5872,False,0,868523,2234,4.23923,-3.59502,4.23923,-3.59502,0
5,12,60,20.00000,7.51754,2.73616,0,True,10.00000,18.50000,-1.50000,5872,False,0,868540,2251,4.14667,-3.73882,4.14667,-3.73882,0
5,12,60,20.00000,7.51754,2.73616,0,True,10.00000,18.50000,-1.50000,5872,False,0,868557,2268,4.05411,-3.82099,4.05411,-3.82099,0
5,12,60,20.00000,7.51754,2.73616,0,True,10.00000,18.50000,-1.50000,5872,False,0,868573,2284,3.98006,-3.88262,3.98006,-3.88262,0
5,12,60,20.00000,7.51754,2.73616,0,True,10.00000,18.50000,-1.50000,5872,False,0,868590,2301,3.88750,-3.88262,3.88750,-3.88262,0
5,12,60,20.00000,7.51754,2.73616,0,True,10.00000,18.50000,-1.50000,5872,False,0,868607,2318,3.73940,-3.77990,3.73940,-3.77990,0
5,12,60,20.00000,7.51754,2.73616,0,True,10.00000,18.50000,-1.50000,5872,False,0,868624,2335,3.60982,-3.67719,3.60982,-3.67719,0
5,12,60,20.00000,7.51754,2.73616,0,True,10.00000,18.50000,-1.50000,5872,False,0,868640,2351,3.48024,-3.51285,3.48024,-3.51285,0
5,12,60,20.00000,7.51754,2.73616,0,True,10.00000,18.50000,-1.50000,5872,False,0,868657,2368,3.31363,-3.26633,3.31363,-3.26633,0
5,12,60,20.00000,7.51754,2.73616,0,True,10.00000,18.50000,-1.50000,5872,False,0,868674,2385,3.16554,-2.93764,3.16554,-2.93764,0
5,12,60,20.00000,7.51754,2.73616,0,True,10.00000,18.50000,-1.50000,5872,False,0,868690,2401,3.01744,-2.56787,3.01744,-2.56787,0
5,12,60,20.00000,7.51754,2.73616,0,True,10.00000,18.50000,-1.50000,5872,False,0,868707,2418,2.90637,-2.28027,2.90637,-2.28027,0
5,12,60,20.00000,7.51754,2.73616,0,True,10.00000,18.50000,-1.50000,5872,False,0,868724,2435,2.79530,-1.97212,2.79530,-1.97212,0
5,12,60,20.00000,7.51754,2.73616,0,True,10.00000,18.50000,-1.50000,5872,False,0,868740,2451,2.72125,-1.70507,2.72125,-1.70507,0
5,12,60,20.00000,7.51754,2.73616,0,True,10.00000,18.50000,-1.50000,5872,False,0,868757,2468,2.62869,-1.39692,2.62869,-1.39692,0
5,12,60,20.00000,7.51754,2.73616,0,True,10.00000,18.50000,-1.50000,5872,False,0,868774,2485,2.61018,-1.25312,2.61018,-1.25312,0
5,12,60,20.00000,7.51754,2.73616,0,True,10.00000,18.50000,-1.50000,5872,False,0,868790,2501,2.61018,-1.12986,2.61018,-1.12986,0
5,12,60,20.00000,7.51754,2.73616,0,True,10.00000,18.50000,-1.50000,5872,False,0,868807,2518,2.64720,-1.04769,2.64720,-1.04769,0
5,12,60,20.00000,7.51754,2.73616,0,True,10.00000,18.50000,-1.50000,5872,False,0,868824,2535,2.68423,-0.96552,2.68423,-0.96552,0
5,12,60,20.00000,7.51754,2.73616,0,True,10.00000,18.50000,-1.50000,5872,False,0,868840,2551,2.75827,-0.84226,2.75827,-0.84226,0
5,12,60,20.00000,7.51754,2.73616,0,True,10.00000,18.50000,-1.50000,5872,False,0,868857,2568,2.81381,-0.73955,2.81381,-0.73955,0
5,12,60,20.00000,7.51754,2.73616,0,True,10.00000,18.50000,-1.50000,5872,False,0,868874,2585,2.90637,-0.57520,2.90637,-0.57520,0
5,12,60,20.00000,7.51754,2.73616,0,True,10.00000,18.50000,-1.50000,5872,False,0,868890,2601,2.98042,-0.47249,2.98042,-0.47249,0
5,12,60,20.00000,7.51754,2.73616,0,True,10.00000,18.50000,-1.50000,5872,False,0,868907,2618,3.07298,-0.36977,3.07298,-0.36977,0
5,12,60,20.00000,7.51754,2.73616,0,True,10.00000,18.50000,-1.50000,5872,False,0,868924,2635,3.16554,-0.28760,3.16554,-0.28760,0
5,12,60,20.00000,7.51754,2.73616,0,True,10.00000,18.50000,-1.50000,5872,False,0,868940,2651,3.29512,-0.16434,3.29512,-0.16434,0
5,12,60,20.00000,7.51754,2.73616,0,True,10.00000,18.50000,-1.50000,5872,False,0,868957,2668,3.38768,-0.10271,3.38768,-0.10271,0
5,12,60,20.00000,7.51754,2.73616,0,True,10.00000,18.50000,-1.50000,5872,False,0,868974,2685,3.46173,-0.04109,3.46173,-0.04109,0
5,12,60,20.00000,7.51754,2.73616,0,True,10.00000,18.50000,-1.50000,5872,False,0,868991,2702,3.55429,0.04109,3.55429,0.04109,0
5,12,60,20.00000,7.51754,2.73616,0,True,10.00000,18.50000,-1.50000,5872,False,0,869007,2718,3.60982,0.08217,3.60982,0.08217,0
5,12,60,20.00000,7.51754,2.73616,0,True,10.00000,18.50000,-1.50000,5872,False,0,869024,2735,3.66536,0.14380,3.66536,0.14380,0
5,12,60,20.00000,7.51754,2.73616,0,True,10.00000,18.50000,-1.50000,5872,False,0,869040,2751,3.72089,0.18489,3.72089,0.18489,0
5,12,60,20.00000,7.51754,2.73616,0,True,10.00000,18.50000,-1.50000,5872,False,0,869057,2768,3.75792,0.22597,3.75792,0.22597,0
5,12,60,20.00000,7.51754,2.73616,0,True,10.00000,18.50000,-1.50000,5872,False,0,869074,2785,3.77643,0.26706,3.77643,0.26706,0
5,12,60,20.00000,7.51754,2.73616,0,True,10.00000,18.50000,-1.50000,5872,False,0,869091,2802,3.81345,0.30814,3.81345,0.30814,0
5,12,60,20.00000,7.51754,2.73616,0,True,10.00000,18.50000,-1.50000,5872,False,0,869107,2818,3.83196,0.32869,3.83196,0.32869,0
5,12,60,20.00000,7.51754,2.73616,0,True,10.00000,18.50000,-1.50000,5872,False,0,869124,2835,3.83196,0.36977,3.83196,0.36977,0
5,12,60,20.00000,7.51754,2.73616,0,True,10.00000,18.50000,-1.50000,5872,False,0,869141,2852,3.83196,0.39032,3.83196,0.39032,0
5,12,60,20.00000,7.51754,2.73616,0,True,10.00000,18.50000,-1.50000,5872,False,0,869157,2868,3.83196,0.39032,3.83196,0.39032,0
5,12,60,20.00000,7.51754,2.73616,0,True,10.00000,18.50000,-1.50000,5872,False,0,869174,2885,3.85048,0.41086,3.85048,0.41086,0
5,12,60,20.00000,7.51754,2.73616,0,True,10.00000,18.50000,-1.50000,5872,False,0,869191,2902,3.85048,0.41086,3.85048,0.41086,0
5,12,60,20.00000,7.51754,2.73616,0,True,10.00000,18.50000,-1.50000,5872,False,0,869207,2918,3.83196,0.41086,3.83196,0.41086,0
5,12,60,20.00000,7.51754,2.73616,0,True,10.00000,18.50000,-1.50000,5872,False,0,869224,2935,3.79494,0.43140,3.79494,0.43140,0
5,12,60,20.00000,7.51754,2.73616,0,True,10.00000,18.50000,-1.50000,5872,False,0,869241,2952,3.72089,0.45195,3.72089,0.45195,0
5,12,60,20.00000,7.51754,2.73616,0,True,10.00000,18.50000,-1.50000,5872,False,0,869257,2968,3.57280,0.49303,3.57280,0.49303,0
5,12,60,20.00000,7.51754,2.73616,0,True,10.00000,18.50000,-1.50000,5872,False,0,869274,2985,3.40619,0.51357,3.40619,0.51357,0
5,12,60,20.00000,7.51754,2.73616,0,True,10.00000,18.50000,-1.50000,5872,False,0,869291,3002,3.18405,0.53412,3.18405,0.53412,0
5,12,60,20.00000,7.51754,2.73616,0,True,10.00000,18.50000,-1.50000,5872,False,0,869307,3018,2.99893,0.55466,2.99893,0.55466,0
5,12,60,20.00000,7.51754,2.73616,0,True,10.00000,18.50000,-1.50000,5872,False,0,869324,3035,2.73976,0.53412,2.73976,0.53412,0
5,12,60,20.00000,7.51754,2.73616,0,True,10.00000,18.50000,-1.50000,5872,False,0,869341,3052,2.59167,0.51357,2.59167,0.51357,0
5,12,60,20.00000,7.51754,2.73616,0,True,10.00000,18.50000,-1.50000,5872,False,0,869357,3068,2.46208,0.49303,2.46208,0.49303,0
5,12,60,20.00000,7.51754,2.73616,0,True,10.00000,18.50000,-1.50000,5872,False,0,869374,3085,2.36952,0.45195,2.36952,0.45195,0
5,12,60,20.00000,7.51754,2.73616,0,True,10.00000,18.50000,-1.50000,5872,False,0,869391,3102,2.25845,0.41086,2.25845,0.41086,0
5,12,60,20.00000,7.51754,2.73616,0,True,10.00000,18.50000,-1.50000,5872,False,0,869407,3118,2.14738,0.34923,2.14738,0.34923,0
5,12,60,20.00000,7.51754,2.73616,0,True,10.00000,18.50000,-1.50000,5872,False,0,869424,3135,2.05482,0.30814,2.05482,0.30814,0
5,12,60,20.00000,7.51754,2.73616,0,True,10.00000,18.50000,-1.50000,5872,False,0,869441,3152,1.92524,0.26706,1.92524,0.26706,0
5,12,60,20.00000,7.51754,2.73616,0,True,10.00000,18.50000,-1.50000,5872,False,0,869457,3168,1.83268,0.22597,1.83268,0.22597,0
5,12,60,20.00000,7.51754,2.73616,0,True,10.00000,18.50000,-1.50000,5872,False,0,869474,3185,1.74012,0.20543,1.74012,0.20543,0
5,12,60,20.00000,7.51754,2.73616,0,True,10.00000,18.50000,-1.50000,5872,False,0,869491,3202,1.66607,0.16434,1.66607,0.16434,0
5,12,60,20.00000,7.51754,2.73616,0,True,10.00000,18.50000,-1.50000,5872,False,0,869507,3218,1.55500,0.12326,1.55500,0.12326,0
5,12,60,20.00000,7.51754,2.73616,0,True,10.00000,18.50000,-1.50000,5872,False,0,869524,3235,1.48095,0.08217,1.48095,0.08217,0
5,12,60,20.00000,7.51754,2.73616,0,True,10.00000,18.50000,-1.50000,5872,False,0,869541,3252,1.38839,0.04109,1.38839,0.04109,0
5,12,60,20.00000,7.51754,2.73616,0,True,10.00000,18.50000,-1.50000,5872,False,0,869558,3269,1.29583,-0.04109,1.29583,-0.04109,0
5,12,60,20.00000,7.51754,2.73616,0,True,10.00000,18.50000,-1.50000,5872,False,0,869574,3285,1.22179,-0.10271,1.22179,-0.10271,0
5,12,60,20.00000,7.51754,2.73616,0,True,10.00000,18.50000,-1.50000,5872,False,0,869591,3302,1.12923,-0.18489,1.12923,-0.18489,0
5,12,60,20.00000,7.51754,2.73616,0,True,10.00000,18.50000,-1.50000,5872,False,0,869608,3319,1.09220,-0.22597,1.09220,-0.22597,0
5,12,60,20.00000,7.51754,2.73616,0,True,10.00000,18.50000,-1.50000,5872,False,0,869624,3335,1.05518,-0.28760,1.05518,-0.28760,0
5,12,60,20.00000,7.51754,2.73616,0,True,10.00000,18.50000,-1.50000,5872,False,0,869641,3352,1.01815,-0.32869,1.01815,-0.32869,0
5,12,60,20.00000,7.51754,2.73616,0,True,10.00000,18.50000,-1.50000,5872,False,0,869658,3369,0.98113,-0.36977,0.98113,-0.36977,0
5,12,60,20.00000,7.51754,2.73616,0,True,10.00000,18.50000,-1.50000,5872,False,0,869674,3385,0.96262,-0.41086,0.96262,-0.41086,0
5,12,60,20.00000,7.51754,2.73616,0,True,10.00000,18.50000,-1.50000,5872,False,0,869691,3402,0.92560,-0.43140,0.92560,-0.43140,0
5,12,60,20.00000,7.51754,2.73616,0,True,10.00000,18.50000,-1.50000,5872,False,0,869708,3419,0.90708,-0.45195,0.90708,-0.45195,0
5,12,60,20.00000,7.51754,2.73616,0,True,10.00000,18.50000,-1.50000,5872,False,0,869724,3435,0.88857,-0.47249,0.88857,-0.47249,0
5,12,60,20.00000,7.51754,2.73616,0,True,10.00000,18.50000,-1.50000,5872,False,0,869741,3452,0.87006,-0.49303,0.87006,-0.49303,0
5,12,60,20.00000,7.51754,2.73616,0,True,10.00000,18.50000,-1.50000,5872,False,0,869758,3469,0.83304,-0.51357,0.83304,-0.51357,0
5,12,60,20.00000,7.51754,2.73616,0,True,10.00000,18.50000,-1.50000,5872,False,0,869774,3485,0.81452,-0.51357,0.81452,-0.51357,0
5,12,60,20.00000,7.51754,2.73616,0,True,10.00000,18.50000,-1.50000,5872,False,0,869791,3502,0.75899,-0.53412,0.75899,-0.53412,0
5,12,60,20.00000,7.51754,2.73616,0,True,10.00000,18.50000,-1.50000,5872,False,0,869808,3519,0.72196,-0.55466,0.72196,-0.55466,0
5,12,60,20.00000,7.51754,2.73616,0,True,10.00000,18.50000,-1.50000,5872,False,0,869824,3535,0.66643,-0.59575,0.66643,-0.59575,0
5,12,60,20.00000,7.51754,2.73616,0,True,10.00000,18.50000,-1.50000,5872,False,0,869841,3552,0.61089,-0.61629,0.61089,-0.61629,0
5,12,60,20.00000,7.51754,2.73616,0,True,10.00000,18.50000,-1.50000,5872,False,0,869858,3569,0.53685,-0.65737,0.53685,-0.65737,0
5,12,60,20.00000,7.51754,2.73616,0,True,10.00000,18.50000,-1.50000,5872,False,0,869874,3585,0.48131,-0.69846,0.48131,-0.69846,0
5,12,60,20.00000,7.51754,2.73616,0,True,10.00000,18.50000,-1.50000,5872,False,0,869891,3602,0.44429,-0.73955,0.44429,-0.73955,0
5,12,60,20.00000,7.51754,2.73616,0,True,10.00000,18.50000,-1.50000,5872,False,0,869908,3619,0.38875,-0.78063,0.38875,-0.78063,0
5,12,60,20.00000,7.51754,2.73616,0,True,10.00000,18.50000,-1.50000,5872,False,0,869925,3636,0.35173,-0.80118,0.35173,-0.80118,0
5,12,60,20.00000,7.51754,2.73616,0,True,10.00000,18.50000,-1.50000,5872,False,0,869941,3652,0.31470,-0.84226,0.31470,-0.84226,0
5,12,60,20.00000,7.51754,2.73616,0,True,10.00000,18.50000,-1.50000,5872,False,0,869958,3669,0.27768,-0.84226,0.27768,-0.84226,0
5,12,60,20.00000,7.51754,2.73616,0,True,10.00000,18.50000,-1.50000,5872,False,0,869975,3686,0.25917,-0.86280,0.25917,-0.86280,0
5,12,60,20.00000,7.51754,2.73616,0,True,10.00000,18.50000,-1.50000,5872,False,0,869991,3702,0.24065,-0.86280,0.24065,-0.86280,0
5,12,60,20.00000,7.51754,2.73616,0,True,10.00000,18.50000,-1.50000,5872,False,0,870008,3719,0.24065,-0.86280,0.24065,-0.86280,0
5,12,60,20.00000,7.51754,2.73616,0,True,10.00000,18.50000,-1.50000,5872,False,0,870025,3736,0.24065,-0.86280,0.24065,-0.86280,0
5,12,60,20.00000,7.51754,2.73616,0,True,10.00000,18.50000,-1.50000,5872,False,0,870041,3752,0.24065,-0.84226,0.24065,-0.84226,0
5,12,60,20.00000,7.51754,2.73616,0,True,10.00000,18.50000,-1.50000,5872,False,0,870058,3769,0.24065,-0.82172,0.24065,-0.82172,0
5,12,60,20.00000,7.51754,2.73616,0,True,10.00000,18.50000,-1.50000,5872,False,0,870075,3786,0.22214,-0.78063,0.22214,-0.78063,0
5,12,60,20.00000,7.51754,2.73616,0,True,10.00000,18.50000,-1.50000,5872,False,0,870091,3802,0.22214,-0.69846,0.22214,-0.69846,0
5,12,60,20.00000,7.51754,2.73616,0,True,10.00000,18.50000,-1.50000,5872,False,0,870108,3819,0.22214,-0.65737,0.22214,-0.65737,0
5,12,60,20.00000,7.51754,2.73616,0,True,10.00000,18.50000,-1.50000,5872,False,0,870125,3836,0.20363,-0.57520,0.20363,-0.57520,0
5,12,60,20.00000,7.51754,2.73616,0,True,10.00000,18.50000,-1.50000,5872,False,0,870141,3852,0.20363,-0.51357,0.20363,-0.51357,0
5,12,60,20.00000,7.51754,2.73616,0,True,10.00000,18.50000,-1.50000,5872,False,0,870158,3869,0.18512,-0.45195,0.18512,-0.45195,0
5,12,60,20.00000,7.51754,2.73616,0,True,10.00000,18.50000,-1.50000,5872,False,0,870175,3886,0.18512,-0.36977,0.18512,-0.36977,0
5,12,60,20.00000,7.51754,2.73616,0,True,10.00000,18.50000,-1.50000,5872,False,0,870191,3902,0.18512,-0.30814,0.18512,-0.30814,0
5,12,60,20.00000,7.51754,2.73616,0,True,10.00000,18.50000,-1.50000,5872,False,0,870208,3919,0.18512,-0.24652,0.18512,-0.24652,0
5,12,60,20.00000,7.51754,2.73616,0,True,10.00000,18.50000,-1.50000,5872,False,0,870225,3936,0.20363,-0.18489,0.20363,-0.18489,0
5,12,60,20.00000,7.51754,2.73616,0,True,10.00000,18.50000,-1.50000,5872,False,0,870242,3953,0.22214,-0.10271,0.22214,-0.10271,0
5,12,60,20.00000,7.51754,2.73616,0,True,10.00000,18.50000,-1.50000,5872,False,1,870258,3969,0.24065,-0.02054,0.24065,-0.02054,0
5,12,60,20.00000,7.51754,2.73616,0,True,10.00000,18.50000,-1.50000,5872,False,1,870275,3986,0.24065,0.04109,0.24065,0.04109,0
5,12,60,20.00000,7.51754,2.73616,0,True,10.00000,18.50000,-1.50000,5872,False,1,870291,4002,0.25917,0.08217,0.25917,0.08217,0
5,12,60,20.00000,7.51754,2.73616,0,True,10.00000,18.50000,-1.50000,5872,False,0,870308,4019,0.27768,0.12326,0.27768,0.12326,0
5,12,60,20.00000,7.51754,2.73616,0,True,10.00000,18.50000,-1.50000,5872,False,0,870325,4036,0.29619,0.16434,0.29619,0.16434,0
5,12,60,20.00000,7.51754,2.73616,0,True,10.00000,18.50000,-1.50000,5872,False,0,870342,4053,0.29619,0.18489,0.29619,0.18489,0
5,12,60,20.00000,7.51754,2.73616,0,True,10.00000,18.50000,-1.50000,5872,False,0,870358,4069,0.29619,0.18489,0.29619,0.18489,0
5,12,60,20.00000,7.51754,2.73616,0,True,10.00000,18.50000,-1.50000,5872,False,0,870375,4086,0.29619,0.18489,0.29619,0.18489,0
5,12,60,20.00000,7.51754,2.73616,0,True,10.00000,18.50000,-1.50000,5872,False,0,870392,4103,0.29619,0.18489,0.29619,0.18489,0
5,12,60,20.00000,7.51754,2.73616,0,True,10.00000,18.50000,-1.50000,5872,False,0,870408,4119,0.29619,0.18489,0.29619,0.18489,0
5,12,60,20.00000,7.51754,2.73616,0,True,10.00000,18.50000,-1.50000,5872,False,0,870425,4136,0.29619,0.18489,0.29619,0.18489,0
5,12,60,20.00000,7.51754,2.73616,0,True,10.00000,18.50000,-1.50000,5872,False,0,870442,4153,0.29619,0.18489,0.29619,0.18489,0
5,12,60,20.00000,7.51754,2.73616,0,True,10.00000,18.50000,-1.50000,5872,False,0,870458,4169,0.29619,0.18489,0.29619,0.18489,0
5,12,60,20.00000,7.51754,2.73616,0,True,10.00000,18.50000,-1.50000,5872,False,0,870475,4186,0.29619,0.18489,0.29619,0.18489,0
5,12,60,20.00000,7.51754,2.73616,0,True,10.00000,18.50000,-1.50000,5872,False,0,870492,4203,0.27768,0.18489,0.27768,0.18489,0
5,12,60,20.00000,7.51754,2.73616,0,True,10.00000,18.50000,-1.50000,5872,False,0,870508,4219,0.25917,0.16434,0.25917,0.16434,0
5,12,60,20.00000,7.51754,2.73616,0,True,10.00000,18.50000,-1.50000,5872,False,0,870525,4236,0.25917,0.14380,0.25917,0.14380,0
5,12,60,20.00000,7.51754,2.73616,0,True,10.00000,18.50000,-1.50000,5872,False,0,870542,4253,0.24065,0.14380,0.24065,0.14380,0
5,12,60,20.00000,7.51754,2.73616,0,True,10.00000,18.50000,-1.50000,5872,False,0,870558,4269,0.22214,0.12326,0.22214,0.12326,0
5,12,60,20.00000,7.51754,2.73616,0,True,10.00000,18.50000,-1.50000,5872,False,0,870575,4286,0.20363,0.12326,0.20363,0.12326,0
5,12,60,20.00000,7.51754,2.73616,0,True,10.00000,18.50000,-1.50000,5872,False,1,870592,4303,0.18512,0.10271,0.18512,0.10271,0
5,12,60,20.00000,7.51754,2.73616,0,True,10.00000,18.50000,-1.50000,5872,False,1,870608,4319,0.16661,0.10271,0.16661,0.10271,0
5,12,60,20.00000,7.51754,2.73616,0,True,10.00000,18.50000,-1.50000,5872,False,1,870625,4336,0.14810,0.10271,0.14810,0.10271,0
5,12,60,20.00000,7.51754,2.73616,0,True,10.00000,18.50000,-1.50000,5872,False,1,870642,4353,0.12958,0.08217,0.12958,0.08217,0
5,12,60,20.00000,7.51754,2.73616,0,True,10.00000,18.50000,-1.50000,5872,False,1,870659,4370,0.11107,0.08217,0.11107,0.08217,0
5,12,60,20.00000,7.51754,2.73616,0,True,10.00000,18.50000,-1.50000,5872,False,1,870675,4386,0.09256,0.08217,0.09256,0.08217,0
5,12,60,20.00000,7.51754,2.73616,0,True,10.00000,18.50000,-1.50000,5872,False,1,870692,4403,0.09256,0.08217,0.09256,0.08217,0
5,12,60,20.00000,7.51754,2.73616,0,True,10.00000,18.50000,-1.50000,5872,False,1,870708,4419,0.07405,0.08217,0.07405,0.08217,0
5,12,60,20.00000,7.51754,2.73616,0,True,10.00000,18.50000,-1.50000,5872,False,1,870725,4436,0.05554,0.08217,0.05554,0.08217,0
5,12,60,20.00000,7.51754,2.73616,0,True,10.00000,18.50000,-1.50000,5872,False,1,870742,4453,0.03702,0.08217,0.03702,0.08217,0
5,12,60,20.00000,7.51754,2.73616,0,True,10.00000,18.50000,-1.50000,5872,False,1,870759,4470,0.03702,0.08217,0.03702,0.08217,0
5,12,60,20.00000,7.51754,2.73616,0,True,10.00000,18.50000,-1.50000,5872,False,1,870775,4486,0.01851,0.08217,0.01851,0.08217,0
5,12,60,20.00000,7.51754,2.73616,0,True,10.00000,18.50000,-1.50000,5872,False,1,870792,4503,0.01851,0.08217,0.01851,0.08217,0
5,12,60,20.00000,7.51754,2.73616,0,True,10.00000,18.50000,-1.50000,5872,False,1,870809,4520,0.01851,0.08217,0.01851,0.08217,0
5,12,60,20.00000,7.51754,2.73616,0,True,10.00000,18.50000,-1.50000,5872,False,1,870825,4536,0.00000,0.04109,0.00000,0.04109,0
5,12,60,20.00000,7.51754,2.73616,0,True,10.00000,18.50000,-1.50000,5872,False,1,870842,4553,0.00000,0.02054,0.00000,0.02054,0
5,12,60,20.00000,7.51754,2.73616,0,True,10.00000,18.50000,-1.50000,5872,False,1,870859,4570,-0.01851,0.00000,-0.01851,0.00000,0
5,12,60,20.00000,7.51754,2.73616,0,True,10.00000,18.50000,-1.50000,5872,False,1,870875,4586,-0.01851,0.00000,-0.01851,0.00000,0
5,12,60,20.00000,7.51754,2.73616,0,True,10.00000,18.50000,-1.50000,5872,False,1,870892,4603,-0.01851,-0.02054,-0.01851,-0.02054,0
5,12,60,20.00000,7.51754,2.73616,0,True,10.00000,18.50000,-1.50000,5872,False,1,870909,4620,-0.01851,-0.02054,-0.01851,-0.02054,0
5,12,60,20.00000,7.51754,2.73616,0,True,10.00000,18.50000,-1.50000,5872,False,1,870925,4636,-0.01851,-0.02054,-0.01851,-0.02054,0
5,12,60,20.00000,7.51754,2.73616,0,True,10.00000,18.50000,-1.50000,5872,False,2,870942,4653,-0.01851,0.00000,-0.01851,0.00000,0
5,12,60,20.00000,7.51754,2.73616,0,True,10.00000,18.50000,-1.50000,5872,False,2,870959,4670,0.00000,0.00000,0.00000,0.00000,0
5,12,60,20.00000,7.51754,2.73616,0,True,10.00000,18.50000,-1.50000,5872,False,2,870975,4686,0.01851,0.02054,0.01851,0.02054,0
5,12,60,20.00000,7.51754,2.73616,0,True,10.00000,18.50000,-1.50000,5872,False,2,870992,4703,0.03702,0.04109,0.03702,0.04109,0
5,12,60,20.00000,7.51754,2.73616,0,True,10.00000,18.50000,-1.50000,5872,False,2,871009,4720,0.05554,0.04109,0.05554,0.04109,0
5,12,60,20.00000,7.51754,2.73616,0,True,10.00000,18.50000,-1.50000,5872,False,2,871025,4736,0.07405,0.04109,0.07405,0.04109,0
5,12,60,20.00000,7.51754,2.73616,0,True,10.00000,18.50000,-1.50000,5872,False,2,871042,4753,0.07405,0.04109,0.07405,0.04109,0
5,12,60,20.00000,7.51754,2.73616,0,True,10.00000,18.50000,-1.50000,5872,False,2,871059,4770,0.07405,0.04109,0.07405,0.04109,0
5,12,60,20.00000,7.51754,2.73616,0,True,10.00000,18.50000,-1.50000,5872,False,2,871076,4787,0.07405,0.04109,0.07405,0.04109,0
5,12,60,20.00000,7.51754,2.73616,0,True,10.00000,18.50000,-1.50000,5872,False,2,871092,4803,0.07405,0.04109,0.07405,0.04109,0
5,12,60,20.00000,7.51754,2.73616,0,True,10.00000,18.50000,-1.50000,5872,False,2,871109,4820,0.09256,0.04109,0.09256,0.04109,0
5,12,60,20.00000,7.51754,2.73616,0,True,10.00000,18.50000,-1.50000,5872,False,2,871126,4837,0.11107,0.04109,0.11107,0.04109,0
5,12,60,20.00000,7.51754,2.73616,0,True,10.00000,18.50000,-1.50000,5872,False,2,871142,4853,0.11107,0.04109,0.11107,0.04109,0
5,12,60,20.00000,7.51754,2.73616,0,True,10.00000,18.50000,-1.50000,5872,False,2,871159,4870,0.12958,0.04109,0.12958,0.04109,0
5,12,60,20.00000,7.51754,2.73616,0,True,10.00000,18.50000,-1.50000,5872,False,2,871176,4887,0.14810,0.04109,0.14810,0.04109,0
5,12,60,20.00000,7.51754,2.73616,0,True,10.00000,18.50000,-1.50000,5872,False,2,871192,4903,0.16661,0.04109,0.16661,0.04109,0
5,12,60,20.00000,7.51754,2.73616,0,True,10.00000,18.50000,-1.50000,5872,False,2,871209,4920,0.18512,0.04109,0.18512,0.04109,0
5,12,60,20.00000,7.51754,2.73616,0,True,10.00000,18.50000,-1.50000,5872,False,2,871226,4937,0.20363,0.06163,0.20363,0.06163,0
5,12,60,20.00000,7.51754,2.73616,0,True,10.00000,18.50000,-1.50000,5872,False,2,871242,4953,0.25917,0.06163,0.25917,0.06163,0
5,12,60,20.00000,7.51754,2.73616,0,True,10.00000,18.50000,-1.50000,5872,False,2,871259,4970,0.33321,0.08217,0.33321,0.08217,0
5,12,60,20.00000,7.51754,2.73616,0,True,10.00000,18.50000,-1.50000,5872,False,2,871275,4986,0.40726,0.10271,0.40726,0.10271,0
5,12,60,20.00000,7.51754,2.73616,0,True,10.00000,18.50000,-1.50000,5872,False,2,871292,5003,0.51833,0.12326,0.51833,0.12326,0
5,12,60,20.00000,7.51754,2.73616,0,True,10.00000,18.50000,-1.50000,5872,False,2,871309,5020,0.66643,0.14380,0.66643,0.14380,0
5,12,60,20.00000,7.51754,2.73616,0,True,10.00000,18.50000,-1.50000,5872,False,2,871326,5037,0.81452,0.16434,0.81452,0.16434,0
5,12,60,20.00000,7.51754,2.73616,0,True,10.00000,18.50000,-1.50000,5872,False,2,871342,5053,1.03667,0.20543,1.03667,0.20543,0
5,12,60,20.00000,7.51754,2.73616,0,True,10.00000,18.50000,-1.50000,5872,False,2,871359,5070,1.24030,0.26706,1.24030,0.26706,0
5,12,60,20.00000,7.51754,2.73616,0,True,10.00000,18.50000,-1.50000,5872,False,2,871376,5087,1.51798,0.32869,1.51798,0.32869,0
5,12,60,20.00000,7.51754,2.73616,0,True,10.00000,18.50000,-1.50000,5872,False,2,871392,5103,1.72161,0.39032,1.72161,0.39032,0
5,12,60,20.00000,7.51754,2.73616,0,True,10.00000,18.50000,-1.50000,5872,False,2,871409,5120,1.98077,0.49303,1.98077,0.49303,1
5,12,60,20.00000,7.51754,2.73616,0,True,10.00000,18.50000,-1.50000,5872,False,2,871426,5137,2.18440,0.59575,2.18440,0.59575,0
5,12,60,20.00000,7.51754,2.73616,0,True,10.00000,18.50000,-1.50000,5872,False,2,871442,5153,2.38804,0.69846,2.38804,0.69846,0
5,12,60,20.00000,7.51754,2.73616,0,True,10.00000,18.50000,-1.50000,5872,False,2,871459,5170,2.70274,0.86280,2.70274,0.86280,0
5,12,60,20.00000,7.51754,2.73616,0,True,10.00000,18.50000,-1.50000,5872,False,2,871476,5187,2.94339,0.98606,2.94339,0.98606,0
5,12,60,20.00000,7.51754,2.73616,0,True,10.00000,18.50000,-1.50000,5872,False,2,871492,5203,3.25810,1.15041,3.25810,1.15041,0
5,12,60,20.00000,7.51754,2.73616,0,True,10.00000,18.50000,-1.50000,5872,False,2,871509,5220,3.49875,1.27366,3.49875,1.27366,0
5,12,60,20.00000,7.51754,2.73616,0,True,10.00000,18.50000,-1.50000,5872,False,2,871526,5237,3.75792,1.39692,3.75792,1.39692,0
5,12,60,20.00000,7.51754,2.73616,0,True,10.00000,18.50000,-1.50000,5872,False,2,871543,5254,4.10964,1.52018,4.10964,1.52018,0
5,12,60,20.00000,7.51754,2.73616,0,True,10.00000,18.50000,-1.50000,5872,False,2,871559,5270,4.38732,1.60235,4.38732,1.60235,0
5,12,60,20.00000,7.51754,2.73616,0,True,10.00000,18.50000,-1.50000,5872,False,2,871576,5287,4.75756,1.70507,4.75756,1.70507,0
5,12,60,20.00000,7.51754,2.73616,0,True,10.00000,18.50000,-1.50000,5872,False,2,871593,5304,5.03524,1.76669,5.03524,1.76669,0
5,12,60,20.00000,7.51754,2.73616,0,True,10.00000,18.50000,-1.50000,5872,False,2,871609,5320,5.31292,1.82832,5.31292,1.82832,0
5,12,60,20.00000,7.51754,2.73616,0,True,10.00000,18.50000,-1.50000,5872,False,2,871626,5337,5.57208,1.91050,5.57208,1.91050,0
5,12,60,20.00000,7.51754,2.73616,0,True,10.00000,18.50000,-1.50000,5872,False,2,871643,5354,5.86827,1.99267,5.86827,1.99267,0
5,12,60,20.00000,7.51754,2.73616,0,True,10.00000,18.50000,-1.50000,5872,False,2,871659,5370,6.05339,2.05430,6.05339,2.05430,0
5,12,60,20.00000,7.51754,2.73616,0,True,10.00000,18.50000,-1.50000,5872,False,2,871676,5387,6.23851,2.11593,6.23851,2.11593,0
5,12,60,20.00000,7.51754,2.73616,0,True,10.00000,18.50000,-1.50000,5872,False,2,871693,5404,6.42363,2.19810,6.42363,2.19810,0
5,12,60,20.00000,7.51754,2.73616,0,True,10.00000,18.50000,-1.50000,5872,False,2,871709,5420,6.51619,2.21864,6.51619,2.21864,0
5,12,60,20.00000,7.51754,2.73616,0,True,10.00000,18.50000,-1.50000,5872,False,2,871726,5437,6.66429,2.30081,6.66429,2.30081,0
5,12,60,20.00000,7.51754,2.73616,0,True,10.00000,18.50000,-1.50000,5872,False,2,871743,5454,6.75685,2.34190,6.75685,2.34190,0
5,12,60,20.00000,7.51754,2.73616,0,True,10.00000,18.50000,-1.50000,5872,False,2,871759,5470,6.84940,2.38298,6.84940,2.38298,0
5,12,60,20.00000,7.51754,2.73616,0,True,10.00000,18.50000,-1.50000,5872,False,2,871776,5487,6.92345,2.44461,6.92345,2.44461,0
5,12,60,20.00000,7.51754,2.73616,0,True,10.00000,18.50000,-1.50000,5872,False,2,871793,5504,6.97899,2.50624,6.97899,2.50624,0
5,12,60,20.00000,7.51754,2.73616,0,True,10.00000,18.50000,-1.50000,5872,False,2,871809,5520,7.01601,2.54733,7.01601,2.54733,0
5,12,60,20.00000,7.51754,2.73616,0,True,10.00000,18.50000,-1.50000,5872,False,2,871826,5537,7.01601,2.58841,7.01601,2.58841,0
5,12,60,20.00000,7.51754,2.73616,0,True,10.00000,18.50000,-1.50000,5872,False,2,871843,5554,7.03452,2.60896,7.03452,2.60896,0
5,12,60,20.00000,7.51754,2.73616,0,True,10.00000,18.50000,-1.50000,5872,False,2,871859,5570,7.05303,2.62950,7.05303,2.62950,0
5,12,60,20.00000,7.51754,2.73616,0,True,10.00000,18.50000,-1.50000,5872,False,2,871876,5587,7.05303,2.62950,7.05303,2.62950,0
5,12,60,20.00000,7.51754,2.73616,0,True,10.00000,18.50000,-1.50000,5872,False,2,871893,5604,7.05303,2.62950,7.05303,2.62950,0
5,12,60,20.00000,7.51754,2.73616,0,True,10.00000,18.50000,-1.50000,5872,False,2,871909,5620,7.05303,2.60896,7.05303,2.60896,0
5,12,60,20.00000,7.51754,2.73616,0,True,10.00000,18.50000,-1.50000,5872,False,2,871926,5637,7.05303,2.60896,7.05303,2.60896,0
5,12,60,20.00000,7.51754,2.73616,0,True,10.00000,18.50000,-1.50000,5872,False,2,871943,5654,7.05303,2.60896,7.05303,2.60896,0
5,12,60,20.00000,7.51754,2.73616,0,True,10.00000,18.50000,-1.50000,5872,False,2,871960,5671,7.05303,2.60896,7.05303,2.60896,0
5,12,60,20.00000,7.51754,2.73616,0,True,10.00000,18.50000,-1.50000,5872,False,2,871976,5687,7.05303,2.60896,7.05303,2.60896,0
5,12,60,20.00000,7.51754,2.73616,0,True,10.00000,18.50000,-1.50000,5872,False,2,871993,5704,7.05303,2.60896,7.05303,2.60896,0
5,12,60,20.00000,7.51754,2.73616,0,True,10.00000,18.50000,-1.50000,5872,False,2,872010,5721,7.05303,2.62950,7.05303,2.62950,0
5,12,60,20.00000,7.51754,2.73616,0,True,10.00000,18.50000,-1.50000,5872,False,2,872026,5737,7.05303,2.62950,7.05303,2.62950,0
5,12,60,20.00000,7.51754,2.73616,0,True,10.00000,18.50000,-1.50000,5872,False,2,872043,5754,7.05303,2.62950,7.05303,2.62950,0
5,12,60,20.00000,7.51754,2.73616,0,True,10.00000,18.50000,-1.50000,5872,False,2,872059,5770,7.05303,2.65004,7.05303,2.65004,0
5,12,60,20.00000,7.51754,2.73616,0,True,10.00000,18.50000,-1.50000,5872,False,2,872076,5787,7.05303,2.65004,7.05303,2.65004,0
5,12,60,20.00000,7.51754,2.73616,0,True,10.00000,18.50000,-1.50000,5872,False,2,872093,5804,7.05303,2.65004,7.05303,2.65004,0
5,12,60,20.00000,7.51754,2.73616,0,True,10.00000,18.50000,-1.50000,5872,False,2,872110,5821,7.07155,2.67059,7.07155,2.67059,0
5,12,60,20.00000,7.51754,2.73616,0,True,10.00000,18.50000,-1.50000,5872,False,2,872126,5837,7.07155,2.67059,7.07155,2.67059,0
5,12,60,20.00000,7.51754,2.73616,0,True,10.00000,18.50000,-1.50000,5872,False,2,872143,5854,7.07155,2.67059,7.07155,2.67059,0
5,12,60,20.00000,7.51754,2.73616,0,True,10.00000,18.50000,-1.50000,5872,False,2,872160,5871,7.09006,2.67059,7.09006,2.67059,0
5,12,60,20.00000,7.51754,2.73616,0,True,10.00000,18.50000,-1.50000,5872,False,2,872176,5887,7.10857,2.69113,7.10857,2.69113,0
5,12,60,20.00000,7.51754,2.73616,0,True,10.00000,18.50000,-1.50000,5872,False,2,872193,5904,7.12708,2.69113,7.12708,2.69113,0
5,12,60,20.00000,7.51754,2.73616,0,True,10.00000,18.50000,-1.50000,5872,False,2,872210,5921,7.16411,2.67059,7.16411,2.67059,0
5,12,60,20.00000,7.51754,2.73616,0,True,10.00000,18.50000,-1.50000,5872,False,2,872227,5938,7.20113,2.65004,7.20113,2.65004,0
5,12,60,20.00000,7.51754,2.73616,0,True,10.00000,18.50000,-1.50000,5872,False,2,872243,5954,7.25667,2.65004,7.25667,2.65004,0
5,12,60,20.00000,7.51754,2.73616,0,True,10.00000,18.50000,-1.50000,5872,False,2,872260,5971,7.31220,2.60896,7.31220,2.60896,0
5,12,60,20.00000,7.51754,2.73616,0,True,10.00000,18.50000,-1.50000,5872,False,3,872276,5987,7.34923,2.58841,7.34923,2.58841,0
5,12,60,20.00000,7.51754,2.73616,0,True,10.00000,18.50000,-1.50000,5872,False,3,872293,6004,7.36774,2.58841,7.36774,2.58841,0
5,12,60,20.00000,7.51754,2.73616,0,True,10.00000,18.50000,-1.50000,5872,False,3,872310,6021,7.38625,2.58841,7.38625,2.58841,0
5,12,60,20.00000,7.51754,2.73616,0,True,10.00000,18.50000,-1.50000,5872,False,3,872326,6037,7.40476,2.58841,7.40476,2.58841,0
5,12,60,20.00000,7.51754,2.73616,0,True,10.00000,18.50000,-1.50000,5872,False,3,872343,6054,7.40476,2.58841,7.40476,2.58841,0
5,12,60,20.00000,7.51754,2.73616,0,True,10.00000,18.50000,-1.50000,5872,False,3,872360,6071,7.40476,2.58841,7.40476,2.58841,0
5,12,60,20.00000,7.51754,2.73616,0,True,10.00000,18.50000,-1.50000,5872,False,3,872376,6087,7.40476,2.58841,7.40476,2.58841,0
5,12,60,20.00000,7.51754,2.73616,0,True,10.00000,18.50000,-1.50000,5872,False,3,872393,6104,7.42327,2.58841,7.42327,2.58841,0
5,12,60,20.00000,7.51754,2.73616,0,True,10.00000,18.50000,-1.50000,5872,False,3,872410,6121,7.42327,2.60896,7.42327,2.60896,0
5,12,60,20.00000,7.51754,2.73616,0,True,10.00000,18.50000,-1.50000,5872,False,3,872427,6138,7.42327,2.60896,7.42327,2.60896,0
5,12,60,20.00000,7.51754,2.73616,0,True,10.00000,18.50000,-1.50000,5872,False,3,872443,6154,7.42327,2.62950,7.42327,2.62950,0
5,12,60,20.00000,7.51754,2.73616,0,True,10.00000,18.50000,-1.50000,5872,False,3,872460,6171,7.42327,2.62950,7.42327,2.62950,0
5,12,60,20.00000,7.51754,2.73616,0,True,10.00000,18.50000,-1.50000,5872,False,3,872476,6187,7.44179,2.62950,7.44179,2.62950,0
5,12,60,20.00000,7.51754,2.73616,0,True,10.00000,18.50000,-1.50000,5872,False,3,872493,6204,7.44179,2.62950,7.44179,2.62950,0
5,12,60,20.00000,7.51754,2.73616,0,True,10.00000,18.50000,-1.50000,5872,False,3,872510,6221,7.44179,2.62950,7.44179,2.62950,0
5,12,60,20.00000,7.51754,2.73616,0,True,10.00000,18.50000,-1.50000,5872,False,3,872527,6238,7.44179,2.62950,7.44179,2.62950,0
5,12,60,20.00000,7.51754,2.73616,0,True,10.00000,18.50000,-1.50000,5872,False,3,872543,6254,7.44179,2.62950,7.44179,2.62950,0
5,12,60,20.00000,7.51754,2.73616,0,True,10.00000,18.50000,-1.50000,5872,False,3,872560,6271,7.44179,2.62950,7.44179,2.62950,0
5,12,60,20.00000,7.51754,2.73616,0,True,10.00000,18.50000,-1.50000,5872,False,3,872577,6288,7.44179,2.60896,7.44179,2.60896,0
5,12,60,20.00000,7.51754,2.73616,0,True,10.00000,18.50000,-1.50000,5872,False,3,872593,6304,7.42327,2.60896,7.42327,2.60896,0
5,12,60,20.00000,7.51754,2.73616,0,True,10.00000,18.50000,-1.50000,5872,False,3,872610,6321,7.40476,2.58841,7.40476,2.58841,0
5,12,60,20.00000,7.51754,2.73616,0,True,10.00000,18.50000,-1.50000,5872,False,3,872627,6338,7.38625,2.54733,7.38625,2.54733,0
5,12,60,20.00000,7.51754,2.73616,0,True,10.00000,18.50000,-1.50000,5872,False,3,872643,6354,7.36774,2.52678,7.36774,2.52678,0
5,12,60,20.00000,7.51754,2.73616,0,True,10.00000,18.50000,-1.50000,5872,False,3,872660,6371,7.29369,2.44461,7.29369,2.44461,0
5,12,60,20.00000,7.51754,2.73616,0,True,10.00000,18.50000,-1.50000,5872,False,3,872677,6388,7.21964,2.36244,7.21964,2.36244,0
5,12,60,20.00000,7.51754,2.73616,0,True,10.00000,18.50000,-1.50000,5872,False,3,872693,6404,7.09006,2.28027,7.09006,2.28027,0
5,12,60,20.00000,7.51754,2.73616,0,True,10.00000,18.50000,-1.50000,5872,False,3,872710,6421,6.97899,2.19810,6.97899,2.19810,0
5,12,60,20.00000,7.51754,2.73616,0,True,10.00000,18.50000,-1.50000,5872,False,3,872727,6438,6.86792,2.11593,6.86792,2.11593,0
5,12,60,20.00000,7.51754,2.73616,0,True,10.00000,18.50000,-1.50000,5872,False,3,872743,6454,6.66429,2.01321,6.66429,2.01321,0
5,12,60,20.00000,7.51754,2.73616,0,True,10.00000,18.50000,-1.50000,5872,False,3,872760,6471,6.36810,1.91050,6.36810,1.91050,0
5,12,60,20.00000,7.51754,2.73616,0,True,10.00000,18.50000,-1.50000,5872,False,3,872777,6488,6.14595,1.84887,6.14595,1.84887,0
5,12,60,20.00000,7.51754,2.73616,0,True,10.00000,18.50000,-1.50000,5872,False,3,872794,6505,5.83125,1.76669,5.83125,1.76669,0
5,12,60,20.00000,7.51754,2.73616,0,True,10.00000,18.50000,-1.50000,5872,False,3,872810,6521,5.59060,1.70507,5.59060,1.70507,0
5,12,60,20.00000,7.51754,2.73616,0,True,10.00000,18.50000,-1.50000,5872,False,3,872827,6538,5.33143,1.66398,5.33143,1.66398,0
5,12,60,20.00000,7.51754,2.73616,0,True,10.00000,18.50000,-1.50000,5872,False,3,872843,6554,4.99821,1.62289,4.99821,1.62289,0
5,12,60,20.00000,7.51754,2.73616,0,True,10.00000,18.50000,-1.50000,5872,False,3,872860,6571,4.73905,1.58181,4.73905,1.58181,0
5,12,60,20.00000,7.51754,2.73616,0,True,10.00000,18.50000,-1.50000,5872,False,3,872877,6588,4.46137,1.56127,4.46137,1.56127,0
5,12,60,20.00000,7.51754,2.73616,0,True,10.00000,18.50000,-1.50000,5872,False,3,872893,6604,4.18369,1.54072,4.18369,1.54072,0
5,12,60,20.00000,7.51754,2.73616,0,True,10.00000,18.50000,-1.50000,5872,False,3,872910,6621,3.81345,1.49964,3.81345,1.49964,0
5,12,60,20.00000,7.51754,2.73616,0,True,10.00000,18.50000,-1.50000,5872,False,3,872927,6638,3.44321,1.43801,3.44321,1.43801,0
5,12,60,20.00000,7.51754,2.73616,0,True,10.00000,18.50000,-1.50000,5872,False,3,872944,6655,3.18405,1.39692,3.18405,1.39692,0
5,12,60,20.00000,7.51754,2.73616,0,True,10.00000,18.50000,-1.50000,5872,False,3,872960,6671,2.94339,1.35584,2.94339,1.35584,0
5,12,60,20.00000,7.51754,2.73616,0,True,10.00000,18.50000,-1.50000,5872,False,3,872977,6688,2.72125,1.29421,2.72125,1.29421,0
5,12,60,20.00000,7.51754,2.73616,0,True,10.00000,18.50000,-1.50000,5872,False,3,872994,6705,2.46208,1.21203,2.46208,1.21203,0
5,12,60,20.00000,7.51754,2.73616,0,True,10.00000,18.50000,-1.50000,5872,False,3,873010,6721,2.20292,1.12986,2.20292,1.12986,0
5,12,60,20.00000,7.51754,2.73616,0,True,10.00000,18.50000,-1.50000,5872,False,3,873027,6738,1.99929,1.04769,1.99929,1.04769,0
5,12,60,20.00000,7.51754,2.73616,0,True,10.00000,18.50000,-1.50000,5872,False,3,873044,6755,1.83268,0.98606,1.83268,0.98606,0
5,12,60,20.00000,7.51754,2.73616,0,True,10.00000,18.50000,-1.50000,5872,False,3,873060,6771,1.66607,0.90389,1.66607,0.90389,0
5,12,60,20.00000,7.51754,2.73616,0,True,10.00000,18.50000,-1.50000,5872,False,3,873077,6788,1.48095,0.80118,1.48095,0.80118,0
5,12,60,20.00000,7.51754,2.73616,0,True,10.00000,18.50000,-1.50000,5872,False,3,873094,6805,1.38839,0.73955,1.38839,0.73955,0
5,12,60,20.00000,7.51754,2.73616,0,True,10.00000,18.50000,-1.50000,5872,False,3,873111,6822,1.25881,0.65737,1.25881,0.65737,0
5,12,60,20.00000,7.51754,2.73616,0,True,10.00000,18.50000,-1.50000,5872,False,3,873127,6838,1.11071,0.53412,1.11071,0.53412,0
5,12,60,20.00000,7.51754,2.73616,0,True,10.00000,18.50000,-1.50000,5872,False,3,873144,6855,1.03667,0.47249,1.03667,0.47249,0
5,12,60,20.00000,7.51754,2.73616,0,True,10.00000,18.50000,-1.50000,5872,False,3,873160,6871,0.98113,0.39032,0.98113,0.39032,0
5,12,60,20.00000,7.51754,2.73616,0,True,10.00000,18.50000,-1.50000,5872,False,3,873177,6888,0.92560,0.34923,0.92560,0.34923,0
5,12,60,20.00000,7.51754,2.73616,0,True,10.00000,18.50000,-1.50000,5872,False,3,873194,6905,0.88857,0.28760,0.88857,0.28760,0
5,12,60,20.00000,7.51754,2.73616,0,True,10.00000,18.50000,-1.50000,5872,False,3,873210,6921,0.87006,0.28760,0.87006,0.28760,0
5,12,60,20.00000,7.51754,2.73616,0,True,10.00000,18.50000,-1.50000,5872,False,3,873227,6938,0.85155,0.26706,0.85155,0.26706,0
5,12,60,20.00000,7.51754,2.73616,0,True,10.00000,18.50000,-1.50000,5872,False,3,873244,6955,0.85155,0.26706,0.85155,0.26706,0
5,12,60,20.00000,7.51754,2.73616,0,True,10.00000,18.50000,-1.50000,5872,False,3,873261,6972,0.83304,0.24652,0.83304,0.24652,0
5,12,60,20.00000,7.51754,2.73616,0,True,10.00000,18.50000,-1.50000,5872,False,3,873277,6988,0.81452,0.22597,0.81452,0.22597,0
5,12,60,20.00000,7.51754,2.73616,0,True,10.00000,18.50000,-1.50000,5872,False,3,873294,7005,0.81452,0.20543,0.81452,0.20543,0
5,12,60,20.00000,7.51754,2.73616,0,True,10.00000,18.50000,-1.50000,5872,False,3,873310,7021,0.79601,0.20543,0.79601,0.20543,0
5,12,60,20.00000,7.51754,2.73616,0,True,10.00000,18.50000,-1.50000,5872,False,3,873327,7038,0.75899,0.18489,0.75899,0.18489,0
5,12,60,20.00000,7.51754,2.73616,0,True,10.00000,18.50000,-1.50000,5872,False,3,873344,7055,0.74048,0.16434,0.74048,0.16434,0
5,12,60,20.00000,7.51754,2.73616,0,True,10.00000,18.50000,-1.50000,5872,False,3,873360,7071,0.70345,0.12326,0.70345,0.12326,0
5,12,60,20.00000,7.51754,2.73616,0,True,10.00000,18.50000,-1.50000,5872,False,3,873377,7088,0.66643,0.10271,0.66643,0.10271,0
5,12,60,20.00000,7.51754,2.73616,0,True,10.00000,18.50000,-1.50000,5872,False,3,873394,7105,0.64792,0.08217,0.64792,0.08217,0
5,12,60,20.00000,7.51754,2.73616,0,True,10.00000,18.50000,-1.50000,5872,False,3,873411,7122,0.62940,0.06163,0.62940,0.06163,0
5,12,60,20.00000,7.51754,2.73616,0,True,10.00000,18.50000,-1.50000,5872,False,3,873427,7138,0.61089,0.06163,0.61089,0.06163,0
5,12,60,20.00000,7.51754,2.73616,0,True,10.00000,18.50000,-1.50000,5872,False,3,873444,7155,0.59238,0.04109,0.59238,0.04109,0
5,12,60,20.00000,7.51754,2.73616,0,True,10.00000,18.50000,-1.50000,5872,False,3,873461,7172,0.59238,0.04109,0.59238,0.04109,0
5,12,60,20.00000,7.51754,2.73616,0,True,10.00000,18.50000,-1.50000,5872,False,3,873477,7188,0.57387,0.02054,0.57387,0.02054,0
5,12,60,20.00000,7.51754,2.73616,0,True,10.00000,18.50000,-1.50000,5872,False,3,873494,7205,0.55536,0.02054,0.55536,0.02054,0
5,12,60,20.00000,7.51754,2.73616,0,True,10.00000,18.50000,-1.50000,5872,False,3,873511,7222,0.53685,0.00000,0.53685,0.00000,0
5,12,60,20.00000,7.51754,2.73616,0,True,10.00000,18.50000,-1.50000,5872,False,3,873527,7238,0.49982,-0.02054,0.49982,-0.02054,0
5,12,60,20.00000,7.51754,2.73616,0,True,10.00000,18.50000,-1.50000,5872,False,3,873544,7255,0.46280,-0.02054,0.46280,-0.02054,0
5,12,60,20.00000,7.51754,2.73616,0,True,10.00000,18.50000,-1.50000,5872,False,3,873561,7272,0.44429,-0.04109,0.44429,-0.04109,0
5,12,60,20.00000,7.51754,2.73616,0,True,10.00000,18.50000,-1.50000,5872,False,3,873577,7288,0.40726,-0.04109,0.40726,-0.04109,0
5,12,60,20.00000,7.51754,2.73616,0,True,10.00000,18.50000,-1.50000,5872,False,3,873594,7305,0.38875,-0.06163,0.38875,-0.06163,0
5,12,60,20.00000,7.51754,2.73616,0,True,10.00000,18.50000,-1.50000,5872,False,3,873611,7322,0.37024,-0.06163,0.37024,-0.06163,0
5,12,60,20.00000,7.51754,2.73616,0,True,10.00000,18.50000,-1.50000,5872,False,3,873627,7338,0.37024,-0.08217,0.37024,-0.08217,0
5,12,60,20.00000,7.51754,2.73616,0,True,10.00000,18.50000,-1.50000,5872,False,3,873644,7355,0.35173,-0.08217,0.35173,-0.08217,0
5,12,60,20.00000,7.51754,2.73616,0,True,10.00000,18.50000,-1.50000,5872,False,3,873661,7372,0.33321,-0.10271,0.33321,-0.10271,0
5,12,60,20.00000,7.51754,2.73616,0,True,10.00000,18.50000,-1.50000,5872,False,3,873678,7389,0.33321,-0.12326,0.33321,-0.12326,0
5,12,60,20.00000,7.51754,2.73616,0,True,10.00000,18.50000,-1.50000,5872,False,3,873694,7405,0.29619,-0.14380,0.29619,-0.14380,0
5,12,60,20.00000,7.51754,2.73616,0,True,10.00000,18.50000,-1.50000,5872,False,3,873711,7422,0.29619,-0.14380,0.29619,-0.14380,0
5,12,60,20.00000,7.51754,2.73616,0,True,10.00000,18.50000,-1.50000,5872,False,3,873727,7438,0.27768,-0.14380,0.27768,-0.14380,0
5,12,60,20.00000,7.51754,2.73616,0,True,10.00000,18.50000,-1.50000,5872,False,3,873744,7455,0.27768,-0.16434,0.27768,-0.16434,0
5,12,60,20.00000,7.51754,2.73616,0,True,10.00000,18.50000,-1.50000,5872,False,3,873760,7471,0.27768,-0.16434,0.27768,-0.16434,0
5,12,60,20.00000,7.51754,2.73616,0,True,10.00000,18.50000,-1.50000,5872,False,3,873777,7488,0.27768,-0.16434,0.27768,-0.16434,0
5,12,60,20.00000,7.51754,2.73616,0,True,10.00000,18.50000,-1.50000,5872,False,3,873794,7505,0.27768,-0.16434,0.27768,-0.16434,0
5,12,60,20.00000,7.51754,2.73616,0,True,10.00000,18.50000,-1.50000,5872,False,3,873811,7522,0.27768,-0.16434,0.27768,-0.16434,0
5,12,60,20.00000,7.51754,2.73616,0,True,10.00000,18.50000,-1.50000,5872,False,3,873828,7539,0.27768,-0.16434,0.27768,-0.16434,0
5,12,60,20.00000,7.51754,2.73616,0,True,10.00000,18.50000,-1.50000,5872,False,3,873844,7555,0.27768,-0.16434,0.27768,-0.16434,0
5,12,60,20.00000,7.51754,2.73616,0,True,10.00000,18.50000,-1.50000,5872,False,3,873861,7572,0.27768,-0.16434,0.27768,-0.16434,0
5,12,60,20.00000,7.51754,2.73616,0,True,10.00000,18.50000,-1.50000,5872,False,3,873878,7589,0.27768,-0.16434,0.27768,-0.16434,0
5,12,60,20.00000,7.51754,2.73616,0,True,10.00000,18.50000,-1.50000,5872,False,3,873894,7605,0.27768,-0.16434,0.27768,-0.16434,0
5,12,60,20.00000,7.51754,2.73616,0,True,10.00000,18.50000,-1.50000,5872,False,3,873911,7622,0.25917,-0.16434,0.25917,-0.16434,0
5,12,60,20.00000,7.51754,2.73616,0,True,10.00000,18.50000,-1.50000,5872,False,3,873928,7639,0.25917,-0.16434,0.25917,-0.16434,0
5,12,60,20.00000,7.51754,2.73616,0,True,10.00000,18.50000,-1.50000,5872,False,3,873944,7655,0.24065,-0.16434,0.24065,-0.16434,0
5,12,60,20.00000,7.51754,2.73616,0,True,10.00000,18.50000,-1.50000,5872,False,3,873961,7672,0.22214,-0.18489,0.22214,-0.18489,0
5,12,60,20.00000,7.51754,2.73616,0,True,10.00000,18.50000,-1.50000,5872,False,3,873978,7689,0.18512,-0.18489,0.18512,-0.18489,0
5,12,60,20.00000,7.51754,2.73616,0,True,10.00000,18.50000,-1.50000,5872,False,3,873994,7705,0.16661,-0.18489,0.16661,-0.18489,0
