task_idx,trial_idx,cutrial_no,targetangle_deg,targetx_cm,targety_cm,rotation_deg,doaiming_bool,aimstart_deg,aim_deg,aimdeviation_deg,aimtime_ms,zeroclamped_bool,phase,cutime_ms,time_ms,mousex_cm,mousey_cm,cursorx_cm,cursory_cm,deviation_bool
8,66,154,160.00000,-7.51754,2.73616,-50,True,150.00000,159.50000,-0.50000,1455,False,0,1236884,0,-0.01851,-0.39032,-0.31090,-0.23671,0
8,66,154,160.00000,-7.51754,2.73616,-50,True,150.00000,159.50000,-0.50000,1455,False,0,1236901,17,-0.01851,-0.39032,-0.31090,-0.23671,0
8,66,154,160.00000,-7.51754,2.73616,-50,True,150.00000,159.50000,-0.50000,1455,False,0,1236917,33,-0.01851,-0.39032,-0.31090,-0.23671,0
8,66,154,160.00000,-7.51754,2.73616,-50,True,150.00000,159.50000,-0.50000,1455,False,0,1236934,50,-0.01851,-0.39032,-0.31090,-0.23671,0
8,66,154,160.00000,-7.51754,2.73616,-50,True,150.00000,159.50000,-0.50000,1455,False,0,1236951,67,-0.01851,-0.39032,-0.31090,-0.23671,0
8,66,154,160.00000,-7.51754,2.73616,-50,True,150.00000,159.50000,-0.50000,1455,False,0,1236968,84,-0.01851,-0.39032,-0.31090,-0.23671,0
8,66,154,160.00000,-7.51754,2.73616,-50,True,150.00000,159.50000,-0.50000,1455,False,0,1236984,100,-0.01851,-0.39032,-0.31090,-0.23671,0
8,66,154,160.00000,-7.51754,2.73616,-50,True,150.00000,159.50000,-0.50000,1455,False,0,1237001,117,-0.01851,-0.39032,-0.31090,-0.23671,0
8,66,154,160.00000,-7.51754,2.73616,-50,True,150.00000,159.50000,-0.50000,1455,False,0,1237017,133,-0.01851,-0.39032,-0.31090,-0.23671,0
8,66,154,160.00000,-7.51754,2.73616,-50,True,150.00000,159.50000,-0.50000,1455,False,0,1237034,150,-0.01851,-0.39032,-0.31090,-0.23671,0
8,66,154,160.00000,-7.51754,2.73616,-50,True,150.00000,159.50000,-0.50000,1455,False,0,1237051,167,-0.01851,-0.39032,-0.31090,-0.23671,0
8,66,154,160.00000,-7.51754,2.73616,-50,True,150.00000,159.50000,-0.50000,1455,False,0,1237067,183,-0.01851,-0.39032,-0.31090,-0.23671,0
8,66,154,160.00000,-7.51754,2.73616,-50,True,150.00000,159.50000,-0.50000,1455,False,0,1237084,200,-0.01851,-0.39032,-0.31090,-0.23671,0
8,66,154,160.00000,-7.51754,2.73616,-50,True,150.00000,159.50000,-0.50000,1455,False,0,1237101,217,-0.01851,-0.39032,-0.31090,-0.23671,0
8,66,154,160.00000,-7.51754,2.73616,-50,True,150.00000,159.50000,-0.50000,1455,False,0,1237118,234,-0.01851,-0.39032,-0.31090,-0.23671,0
8,66,154,160.00000,-7.51754,2.73616,-50,True,150.00000,159.50000,-0.50000,1455,False,0,1237134,250,-0.01851,-0.39032,-0.31090,-0.23671,0
8,66,154,160.00000,-7.51754,2.73616,-50,True,150.00000,159.50000,-0.50000,1455,False,0,1237151,267,-0.01851,-0.39032,-0.31090,-0.23671,0
8,66,154,160.00000,-7.51754,2.73616,-50,True,150.00000,159.50000,-0.50000,1455,False,0,1237168,284,-0.01851,-0.39032,-0.31090,-0.23671,0
8,66,154,160.00000,-7.51754,2.73616,-50,True,150.00000,159.50000,-0.50000,1455,False,0,1237184,300,-0.01851,-0.39032,-0.31090,-0.23671,0
8,66,154,160.00000,-7.51754,2.73616,-50,True,150.00000,159.50000,-0.50000,1455,False,0,1237201,317,-0.01851,-0.39032,-0.31090,-0.23671,0
8,66,154,160.00000,-7.51754,2.73616,-50,True,150.00000,159.50000,-0.50000,1455,False,0,1237218,334,-0.01851,-0.39032,-0.31090,-0.23671,0
8,66,154,160.00000,-7.51754,2.73616,-50,True,150.00000,159.50000,-0.50000,1455,False,0,1237235,351,-0.01851,-0.39032,-0.31090,-0.23671,0
8,66,154,160.00000,-7.51754,2.73616,-50,True,150.00000,159.50000,-0.50000,1455,False,0,1237251,367,-0.01851,-0.39032,-0.31090,-0.23671,0
8,66,154,160.00000,-7.51754,2.73616,-50,True,150.00000,159.50000,-0.50000,1455,False,0,1237268,384,-0.01851,-0.39032,-0.31090,-0.23671,0
8,66,154,160.00000,-7.51754,2.73616,-50,True,150.00000,159.50000,-0.50000,1455,False,0,1237284,400,-0.01851,-0.39032,-0.31090,-0.23671,0
8,66,154,160.00000,-7.51754,2.73616,-50,True,150.00000,159.50000,-0.50000,1455,False,0,1237301,417,-0.01851,-0.39032,-0.31090,-0.23671,0
8,66,154,160.00000,-7.51754,2.73616,-50,True,150.00000,159.50000,-0.50000,1455,False,0,1237318,434,-0.01851,-0.39032,-0.31090,-0.23671,0
8,66,154,160.00000,-7.51754,2.73616,-50,True,150.00000,159.50000,-0.50000,1455,False,0,1237334,450,-0.01851,-0.41086,-0.32664,-0.24991,0
8,66,154,160.00000,-7.51754,2.73616,-50,True,150.00000,159.50000,-0.50000,1455,False,0,1237351,467,-0.01851,-0.43140,-0.34237,-0.26312,0
8,66,154,160.00000,-7.51754,2.73616,-50,True,150.00000,159.50000,-0.50000,1455,False,0,1237368,484,-0.01851,-0.45195,-0.35811,-0.27632,0
8,66,154,160.00000,-7.51754,2.73616,-50,True,150.00000,159.50000,-0.50000,1455,False,0,1237384,500,-0.01851,-0.47249,-0.37385,-0.28953,0
8,66,154,160.00000,-7.51754,2.73616,-50,True,150.00000,159.50000,-0.50000,1455,False,0,1237401,517,-0.01851,-0.53412,-0.42106,-0.32914,0
8,66,154,160.00000,-7.51754,2.73616,-50,True,150.00000,159.50000,-0.50000,1455,False,0,1237418,534,-0.01851,-0.55466,-0.43679,-0.34235,0
8,66,154,160.00000,-7.51754,2.73616,-50,True,150.00000,159.50000,-0.50000,1455,False,0,1237434,550,-0.01851,-0.59575,-0.46827,-0.36876,0
8,66,154,160.00000,-7.51754,2.73616,-50,True,150.00000,159.50000,-0.50000,1455,False,0,1237451,567,-0.03702,-0.63683,-0.51164,-0.38099,0
8,66,154,160.00000,-7.51754,2.73616,-50,True,150.00000,159.50000,-0.50000,1455,False,0,1237468,584,-0.03702,-0.67792,-0.54311,-0.40740,0
8,66,154,160.00000,-7.51754,2.73616,-50,True,150.00000,159.50000,-0.50000,1455,False,0,1237485,601,-0.05554,-0.73955,-0.60222,-0.43283,0
8,66,154,160.00000,-7.51754,2.73616,-50,True,150.00000,159.50000,-0.50000,1455,False,0,1237501,617,-0.05554,-0.78063,-0.63370,-0.45924,0
8,66,154,160.00000,-7.51754,2.73616,-50,True,150.00000,159.50000,-0.50000,1455,False,0,1237518,634,-0.05554,-0.80118,-0.64943,-0.47244,0
8,66,154,160.00000,-7.51754,2.73616,-50,True,150.00000,159.50000,-0.50000,1455,False,0,1237534,650,-0.07405,-0.80118,-0.66133,-0.45826,0
8,66,154,160.00000,-7.51754,2.73616,-50,True,150.00000,159.50000,-0.50000,1455,False,0,1237551,667,-0.07405,-0.82172,-0.67707,-0.47147,0
8,66,154,160.00000,-7.51754,2.73616,-50,True,150.00000,159.50000,-0.50000,1455,False,0,1237568,684,-0.07405,-0.82172,-0.67707,-0.47147,0
8,66,154,160.00000,-7.51754,2.73616,-50,True,150.00000,159.50000,-0.50000,1455,False,0,1237585,701,-0.07405,-0.84226,-0.69281,-0.48467,0
8,66,154,160.00000,-7.51754,2.73616,-50,True,150.00000,159.50000,-0.50000,1455,False,0,1237601,717,-0.07405,-0.84226,-0.69281,-0.48467,0
8,66,154,160.00000,-7.51754,2.73616,-50,True,150.00000,159.50000,-0.50000,1455,False,0,1237618,734,-0.07405,-0.84226,-0.69281,-0.48467,0
8,66,154,160.00000,-7.51754,2.73616,-50,True,150.00000,159.50000,-0.50000,1455,False,0,1237635,751,-0.07405,-0.84226,-0.69281,-0.48467,0
8,66,154,160.00000,-7.51754,2.73616,-50,True,150.00000,159.50000,-0.50000,1455,False,0,1237651,767,-0.07405,-0.84226,-0.69281,-0.48467,0
8,66,154,160.00000,-7.51754,2.73616,-50,True,150.00000,159.50000,-0.50000,1455,False,0,1237668,784,-0.05554,-0.84226,-0.68091,-0.49885,0
8,66,154,160.00000,-7.51754,2.73616,-50,True,150.00000,159.50000,-0.50000,1455,False,0,1237685,801,-0.05554,-0.84226,-0.68091,-0.49885,0
8,66,154,160.00000,-7.51754,2.73616,-50,True,150.00000,159.50000,-0.50000,1455,False,0,1237701,817,-0.05554,-0.82172,-0.66517,-0.48565,0
8,66,154,160.00000,-7.51754,2.73616,-50,True,150.00000,159.50000,-0.50000,1455,False,0,1237718,834,-0.05554,-0.82172,-0.66517,-0.48565,0
8,66,154,160.00000,-7.51754,2.73616,-50,True,150.00000,159.50000,-0.50000,1455,False,0,1237735,851,-0.07405,-0.76009,-0.62986,-0.43185,0
8,66,154,160.00000,-7.51754,2.73616,-50,True,150.00000,159.50000,-0.50000,1455,False,0,1237751,867,-0.07405,-0.67792,-0.56691,-0.37903,0
8,66,154,160.00000,-7.51754,2.73616,-50,True,150.00000,159.50000,-0.50000,1455,False,0,1237768,884,-0.07405,-0.59575,-0.50396,-0.32621,0
8,66,154,160.00000,-7.51754,2.73616,-50,True,150.00000,159.50000,-0.50000,1455,False,0,1237785,901,-0.09256,-0.51357,-0.45292,-0.25921,0
8,66,154,160.00000,-7.51754,2.73616,-50,True,150.00000,159.50000,-0.50000,1455,False,0,1237802,918,-0.09256,-0.45195,-0.40571,-0.21960,0
8,66,154,160.00000,-7.51754,2.73616,-50,True,150.00000,159.50000,-0.50000,1455,False,0,1237818,934,-0.09256,-0.43140,-0.38997,-0.20640,0
8,66,154,160.00000,-7.51754,2.73616,-50,True,150.00000,159.50000,-0.50000,1455,False,0,1237835,951,-0.09256,-0.41086,-0.37423,-0.19319,0
8,66,154,160.00000,-7.51754,2.73616,-50,True,150.00000,159.50000,-0.50000,1455,False,0,1237851,967,-0.09256,-0.39032,-0.35850,-0.17999,0
8,66,154,160.00000,-7.51754,2.73616,-50,True,150.00000,159.50000,-0.50000,1455,False,0,1237868,984,-0.11107,-0.36977,-0.35466,-0.15260,0
8,66,154,160.00000,-7.51754,2.73616,-50,True,150.00000,159.50000,-0.50000,1455,False,0,1237885,1001,-0.11107,-0.32869,-0.32318,-0.12619,0
8,66,154,160.00000,-7.51754,2.73616,-50,True,150.00000,159.50000,-0.50000,1455,False,0,1237901,1017,-0.12958,-0.30814,-0.31935,-0.09880,0
8,66,154,160.00000,-7.51754,2.73616,-50,True,150.00000,159.50000,-0.50000,1455,False,0,1237918,1034,-0.14810,-0.26706,-0.29977,-0.05821,0
8,66,154,160.00000,-7.51754,2.73616,-50,True,150.00000,159.50000,-0.50000,1455,False,0,1237935,1051,-0.16661,-0.22597,-0.28020,-0.01762,0
8,66,154,160.00000,-7.51754,2.73616,-50,True,150.00000,159.50000,-0.50000,1455,False,0,1237952,1068,-0.18512,-0.20543,-0.27636,0.00976,0
8,66,154,160.00000,-7.51754,2.73616,-50,True,150.00000,159.50000,-0.50000,1455,False,0,1237968,1084,-0.20363,-0.16434,-0.25679,0.05035,0
8,66,154,160.00000,-7.51754,2.73616,-50,True,150.00000,159.50000,-0.50000,1455,False,0,1237985,1101,-0.22214,-0.12326,-0.23721,0.09094,0
8,66,154,160.00000,-7.51754,2.73616,-50,True,150.00000,159.50000,-0.50000,1455,False,0,1238002,1118,-0.22214,-0.10271,-0.22147,0.10415,0
8,66,154,160.00000,-7.51754,2.73616,-50,True,150.00000,159.50000,-0.50000,1455,False,1,1238018,1134,-0.24065,-0.06163,-0.20190,0.14474,0
8,66,154,160.00000,-7.51754,2.73616,-50,True,150.00000,159.50000,-0.50000,1455,False,1,1238035,1151,-0.24065,-0.06163,-0.20190,0.14474,0
8,66,154,160.00000,-7.51754,2.73616,-50,True,150.00000,159.50000,-0.50000,1455,False,1,1238052,1168,-0.24065,-0.04109,-0.18616,0.15794,0
8,66,154,160.00000,-7.51754,2.73616,-50,True,150.00000,159.50000,-0.50000,1455,False,1,1238068,1184,-0.24065,-0.04109,-0.18616,0.15794,0
8,66,154,160.00000,-7.51754,2.73616,-50,True,150.00000,159.50000,-0.50000,1455,False,1,1238085,1201,-0.24065,-0.06163,-0.20190,0.14474,0
8,66,154,160.00000,-7.51754,2.73616,-50,True,150.00000,159.50000,-0.50000,1455,False,1,1238102,1218,-0.24065,-0.06163,-0.20190,0.14474,0
8,66,154,160.00000,-7.51754,2.73616,-50,True,150.00000,159.50000,-0.50000,1455,False,1,1238119,1235,-0.24065,-0.06163,-0.20190,0.14474,0
8,66,154,160.00000,-7.51754,2.73616,-50,True,150.00000,159.50000,-0.50000,1455,False,1,1238135,1251,-0.24065,-0.06163,-0.20190,0.14474,0
8,66,154,160.00000,-7.51754,2.73616,-50,True,150.00000,159.50000,-0.50000,1455,False,1,1238152,1268,-0.24065,-0.06163,-0.20190,0.14474,0
8,66,154,160.00000,-7.51754,2.73616,-50,True,150.00000,159.50000,-0.50000,1455,False,1,1238168,1284,-0.24065,-0.06163,-0.20190,0.14474,0
8,66,154,160.00000,-7.51754,2.73616,-50,True,150.00000,159.50000,-0.50000,1455,False,1,1238185,1301,-0.24065,-0.06163,-0.20190,0.14474,0
8,66,154,160.00000,-7.51754,2.73616,-50,True,150.00000,159.50000,-0.50000,1455,False,1,1238202,1318,-0.22214,-0.04109,-0.17426,0.14376,0
8,66,154,160.00000,-7.51754,2.73616,-50,True,150.00000,159.50000,-0.50000,1455,False,1,1238219,1335,-0.20363,-0.02054,-0.14663,0.14279,0
8,66,154,160.00000,-7.51754,2.73616,-50,True,150.00000,159.50000,-0.50000,1455,False,1,1238235,1351,-0.18512,0.00000,-0.11899,0.14181,0
8,66,154,160.00000,-7.51754,2.73616,-50,True,150.00000,159.50000,-0.50000,1455,False,1,1238252,1368,-0.16661,0.00000,-0.10709,0.12763,0
8,66,154,160.00000,-7.51754,2.73616,-50,True,150.00000,159.50000,-0.50000,1455,False,1,1238268,1384,-0.16661,0.00000,-0.10709,0.12763,0
8,66,154,160.00000,-7.51754,2.73616,-50,True,150.00000,159.50000,-0.50000,1455,False,1,1238285,1401,-0.16661,0.00000,-0.10709,0.12763,0
8,66,154,160.00000,-7.51754,2.73616,-50,True,150.00000,159.50000,-0.50000,1455,False,1,1238302,1418,-0.16661,0.00000,-0.10709,0.12763,0
8,66,154,160.00000,-7.51754,2.73616,-50,True,150.00000,159.50000,-0.50000,1455,False,1,1238318,1434,-0.16661,0.00000,-0.10709,0.12763,0
8,66,154,160.00000,-7.51754,2.73616,-50,True,150.00000,159.50000,-0.50000,1455,False,1,1238335,1451,-0.16661,0.00000,-0.10709,0.12763,0
8,66,154,160.00000,-7.51754,2.73616,-50,True,150.00000,159.50000,-0.50000,1455,False,1,1238352,1468,-0.16661,0.00000,-0.10709,0.12763,0
8,66,154,160.00000,-7.51754,2.73616,-50,True,150.00000,159.50000,-0.50000,1455,False,2,1238369,1485,-0.16661,0.00000,-0.10709,0.12763,0
8,66,154,160.00000,-7.51754,2.73616,-50,True,150.00000,159.50000,-0.50000,1455,False,2,1238385,1501,-0.16661,0.00000,-0.10709,0.12763,0
8,66,154,160.00000,-7.51754,2.73616,-50,True,150.00000,159.50000,-0.50000,1455,False,2,1238402,1518,-0.16661,0.00000,-0.10709,0.12763,0
8,66,154,160.00000,-7.51754,2.73616,-50,True,150.00000,159.50000,-0.50000,1455,False,2,1238419,1535,-0.16661,0.00000,-0.10709,0.12763,0
8,66,154,160.00000,-7.51754,2.73616,-50,True,150.00000,159.50000,-0.50000,1455,False,2,1238435,1551,-0.16661,0.00000,-0.10709,0.12763,0
8,66,154,160.00000,-7.51754,2.73616,-50,True,150.00000,159.50000,-0.50000,1455,False,2,1238452,1568,-0.16661,0.00000,-0.10709,0.12763,0
8,66,154,160.00000,-7.51754,2.73616,-50,True,150.00000,159.50000,-0.50000,1455,False,2,1238468,1584,-0.16661,0.00000,-0.10709,0.12763,0
8,66,154,160.00000,-7.51754,2.73616,-50,True,150.00000,159.50000,-0.50000,1455,False,2,1238485,1601,-0.16661,0.00000,-0.10709,0.12763,0
8,66,154,160.00000,-7.51754,2.73616,-50,True,150.00000,159.50000,-0.50000,1455,False,2,1238502,1618,-0.16661,0.00000,-0.10709,0.12763,0
8,66,154,160.00000,-7.51754,2.73616,-50,True,150.00000,159.50000,-0.50000,1455,False,2,1238519,1635,-0.16661,0.00000,-0.10709,0.12763,0
8,66,154,160.00000,-7.51754,2.73616,-50,True,150.00000,159.50000,-0.50000,1455,False,2,1238535,1651,-0.16661,0.00000,-0.10709,0.12763,0
8,66,154,160.00000,-7.51754,2.73616,-50,True,150.00000,159.50000,-0.50000,1455,False,2,1238552,1668,-0.16661,0.00000,-0.10709,0.12763,0
8,66,154,160.00000,-7.51754,2.73616,-50,True,150.00000,159.50000,-0.50000,1455,False,2,1238569,1685,-0.16661,0.00000,-0.10709,0.12763,0
8,66,154,160.00000,-7.51754,2.73616,-50,True,150.00000,159.50000,-0.50000,1455,False,2,1238585,1701,-0.16661,0.00000,-0.10709,0.12763,0
8,66,154,160.00000,-7.51754,2.73616,-50,True,150.00000,159.50000,-0.50000,1455,False,2,1238602,1718,-0.16661,0.00000,-0.10709,0.12763,0
8,66,154,160.00000,-7.51754,2.73616,-50,True,150.00000,159.50000,-0.50000,1455,False,2,1238619,1735,-0.16661,0.00000,-0.10709,0.12763,0
8,66,154,160.00000,-7.51754,2.73616,-50,True,150.00000,159.50000,-0.50000,1455,False,2,1238636,1752,-0.18512,0.00000,-0.11899,0.14181,0
8,66,154,160.00000,-7.51754,2.73616,-50,True,150.00000,159.50000,-0.50000,1455,False,2,1238652,1768,-0.18512,0.00000,-0.11899,0.14181,0
8,66,154,160.00000,-7.51754,2.73616,-50,True,150.00000,159.50000,-0.50000,1455,False,2,1238669,1785,-0.18512,0.00000,-0.11899,0.14181,0
8,66,154,160.00000,-7.51754,2.73616,-50,True,150.00000,159.50000,-0.50000,1455,False,2,1238685,1801,-0.18512,0.00000,-0.11899,0.14181,0
8,66,154,160.00000,-7.51754,2.73616,-50,True,150.00000,159.50000,-0.50000,1455,False,2,1238702,1818,-0.18512,0.00000,-0.11899,0.14181,0
8,66,154,160.00000,-7.51754,2.73616,-50,True,150.00000,159.50000,-0.50000,1455,False,2,1238719,1835,-0.18512,0.00000,-0.11899,0.14181,0
8,66,154,160.00000,-7.51754,2.73616,-50,True,150.00000,159.50000,-0.50000,1455,False,2,1238735,1851,-0.18512,0.00000,-0.11899,0.14181,0
8,66,154,160.00000,-7.51754,2.73616,-50,True,150.00000,159.50000,-0.50000,1455,False,2,1238752,1868,-0.18512,0.00000,-0.11899,0.14181,0
8,66,154,160.00000,-7.51754,2.73616,-50,True,150.00000,159.50000,-0.50000,1455,False,2,1238769,1885,-0.18512,0.00000,-0.11899,0.14181,0
8,66,154,160.00000,-7.51754,2.73616,-50,True,150.00000,159.50000,-0.50000,1455,False,2,1238786,1902,-0.18512,0.00000,-0.11899,0.14181,0
8,66,154,160.00000,-7.51754,2.73616,-50,True,150.00000,159.50000,-0.50000,1455,False,2,1238802,1918,-0.18512,0.00000,-0.11899,0.14181,0
8,66,154,160.00000,-7.51754,2.73616,-50,True,150.00000,159.50000,-0.50000,1455,False,2,1238818,1934,-0.18512,0.00000,-0.11899,0.14181,0
8,66,154,160.00000,-7.51754,2.73616,-50,True,150.00000,159.50000,-0.50000,1455,False,2,1238835,1951,-0.18512,0.00000,-0.11899,0.14181,0
8,66,154,160.00000,-7.51754,2.73616,-50,True,150.00000,159.50000,-0.50000,1455,False,2,1238852,1968,-0.18512,0.00000,-0.11899,0.14181,0
8,66,154,160.00000,-7.51754,2.73616,-50,True,150.00000,159.50000,-0.50000,1455,False,2,1238869,1985,-0.18512,0.00000,-0.11899,0.14181,0
8,66,154,160.00000,-7.51754,2.73616,-50,True,150.00000,159.50000,-0.50000,1455,False,2,1238885,2001,-0.18512,0.00000,-0.11899,0.14181,0
8,66,154,160.00000,-7.51754,2.73616,-50,True,150.00000,159.50000,-0.50000,1455,False,2,1238902,2018,-0.18512,0.00000,-0.11899,0.14181,0
8,66,154,160.00000,-7.51754,2.73616,-50,True,150.00000,159.50000,-0.50000,1455,False,2,1238919,2035,-0.18512,0.00000,-0.11899,0.14181,0
8,66,154,160.00000,-7.51754,2.73616,-50,True,150.00000,159.50000,-0.50000,1455,False,2,1238936,2052,-0.18512,0.00000,-0.11899,0.14181,0
8,66,154,160.00000,-7.51754,2.73616,-50,True,150.00000,159.50000,-0.50000,1455,False,2,1238952,2068,-0.18512,0.00000,-0.11899,0.14181,0
8,66,154,160.00000,-7.51754,2.73616,-50,True,150.00000,159.50000,-0.50000,1455,False,2,1238969,2085,-0.18512,0.00000,-0.11899,0.14181,0
8,66,154,160.00000,-7.51754,2.73616,-50,True,150.00000,159.50000,-0.50000,1455,False,2,1238986,2102,-0.18512,0.00000,-0.11899,0.14181,0
8,66,154,160.00000,-7.51754,2.73616,-50,True,150.00000,159.50000,-0.50000,1455,False,2,1239002,2118,-0.18512,0.00000,-0.11899,0.14181,0
8,66,154,160.00000,-7.51754,2.73616,-50,True,150.00000,159.50000,-0.50000,1455,False,2,1239019,2135,-0.22214,-0.02054,-0.15853,0.15697,0
8,66,154,160.00000,-7.51754,2.73616,-50,True,150.00000,159.50000,-0.50000,1455,False,2,1239036,2152,-0.25917,-0.06163,-0.21380,0.15892,0
8,66,154,160.00000,-7.51754,2.73616,-50,True,150.00000,159.50000,-0.50000,1455,False,2,1239052,2168,-0.31470,-0.08217,-0.26523,0.18826,0
8,66,154,160.00000,-7.51754,2.73616,-50,True,150.00000,159.50000,-0.50000,1455,False,2,1239069,2185,-0.35173,-0.10271,-0.30477,0.20341,0
8,66,154,160.00000,-7.51754,2.73616,-50,True,150.00000,159.50000,-0.50000,1455,False,2,1239086,2202,-0.38875,-0.10271,-0.32857,0.23178,0
8,66,154,160.00000,-7.51754,2.73616,-50,True,150.00000,159.50000,-0.50000,1455,False,2,1239103,2219,-0.42577,-0.12326,-0.36810,0.24693,0
8,66,154,160.00000,-7.51754,2.73616,-50,True,150.00000,159.50000,-0.50000,1455,False,2,1239119,2235,-0.48131,-0.14380,-0.41954,0.27627,0
8,66,154,160.00000,-7.51754,2.73616,-50,True,150.00000,159.50000,-0.50000,1455,False,2,1239136,2252,-0.53685,-0.16434,-0.47097,0.30561,0
8,66,154,160.00000,-7.51754,2.73616,-50,True,150.00000,159.50000,-0.50000,1455,False,2,1239152,2268,-0.57387,-0.18489,-0.51051,0.32077,0
8,66,154,160.00000,-7.51754,2.73616,-50,True,150.00000,159.50000,-0.50000,1455,False,2,1239169,2285,-0.61089,-0.20543,-0.55004,0.33592,0
8,66,154,160.00000,-7.51754,2.73616,-50,True,150.00000,159.50000,-0.50000,1455,False,2,1239186,2302,-0.64792,-0.22597,-0.58958,0.35108,0
8,66,154,160.00000,-7.51754,2.73616,-50,True,150.00000,159.50000,-0.50000,1455,False,2,1239203,2319,-0.68494,-0.24652,-0.62911,0.36624,0
8,66,154,160.00000,-7.51754,2.73616,-50,True,150.00000,159.50000,-0.50000,1455,False,2,1239219,2335,-0.74048,-0.28760,-0.69628,0.38237,0
8,66,154,160.00000,-7.51754,2.73616,-50,True,150.00000,159.50000,-0.50000,1455,False,2,1239236,2352,-0.79601,-0.30814,-0.74772,0.41171,0
8,66,154,160.00000,-7.51754,2.73616,-50,True,150.00000,159.50000,-0.50000,1455,False,2,1239252,2368,-0.85155,-0.34923,-0.81489,0.42784,0
8,66,154,160.00000,-7.51754,2.73616,-50,True,150.00000,159.50000,-0.50000,1455,False,2,1239269,2385,-0.88857,-0.36977,-0.85443,0.44300,0
8,66,154,160.00000,-7.51754,2.73616,-50,True,150.00000,159.50000,-0.50000,1455,False,2,1239286,2402,-0.90708,-0.39032,-0.88206,0.44398,0
8,66,154,160.00000,-7.51754,2.73616,-50,True,150.00000,159.50000,-0.50000,1455,False,2,1239302,2418,-0.92560,-0.39032,-0.89396,0.45816,0
8,66,154,160.00000,-7.51754,2.73616,-50,True,150.00000,159.50000,-0.50000,1455,False,2,1239319,2435,-0.96262,-0.41086,-0.93350,0.47331,0
8,66,154,160.00000,-7.51754,2.73616,-50,True,150.00000,159.50000,-0.50000,1455,False,2,1239336,2452,-1.01815,-0.45195,-1.00067,0.48945,0
8,66,154,160.00000,-7.51754,2.73616,-50,True,150.00000,159.50000,-0.50000,1455,False,2,1239353,2469,-1.05518,-0.47249,-1.04020,0.50460,0
8,66,154,160.00000,-7.51754,2.73616,-50,True,150.00000,159.50000,-0.50000,1455,False,2,1239369,2485,-1.11071,-0.49303,-1.09164,0.53394,0
8,66,154,160.00000,-7.51754,2.73616,-50,True,150.00000,159.50000,-0.50000,1455,False,2,1239386,2502,-1.14774,-0.51357,-1.13117,0.54910,0
8,66,154,160.00000,-7.51754,2.73616,-50,True,150.00000,159.50000,-0.50000,1455,False,2,1239403,2519,-1.20327,-0.53412,-1.18261,0.57844,0
8,66,154,160.00000,-7.51754,2.73616,-50,True,150.00000,159.50000,-0.50000,1455,False,2,1239419,2535,-1.29583,-0.57520,-1.27358,0.62293,0
8,66,154,160.00000,-7.51754,2.73616,-50,True,150.00000,159.50000,-0.50000,1455,False,2,1239436,2552,-1.33286,-0.59575,-1.31311,0.63809,0
8,66,154,160.00000,-7.51754,2.73616,-50,True,150.00000,159.50000,-0.50000,1455,False,2,1239453,2569,-1.40690,-0.63683,-1.39218,0.66840,0
8,66,154,160.00000,-7.51754,2.73616,-50,True,150.00000,159.50000,-0.50000,1455,False,2,1239469,2585,-1.46244,-0.65737,-1.44362,0.69774,0
8,66,154,160.00000,-7.51754,2.73616,-50,True,150.00000,159.50000,-0.50000,1455,False,2,1239486,2602,-1.51798,-0.67792,-1.49505,0.72708,0
8,66,154,160.00000,-7.51754,2.73616,-50,True,150.00000,159.50000,-0.50000,1455,False,2,1239503,2619,-1.57351,-0.69846,-1.54649,0.75642,0
8,66,154,160.00000,-7.51754,2.73616,-50,True,150.00000,159.50000,-0.50000,1455,False,2,1239520,2636,-1.64756,-0.73955,-1.62556,0.78673,0
8,66,154,160.00000,-7.51754,2.73616,-50,True,150.00000,159.50000,-0.50000,1455,False,2,1239536,2652,-1.70310,-0.76009,-1.67699,0.81607,0
8,66,154,160.00000,-7.51754,2.73616,-50,True,150.00000,159.50000,-0.50000,1455,False,2,1239553,2669,-1.74012,-0.78063,-1.71653,0.83123,0
8,66,154,160.00000,-7.51754,2.73616,-50,True,150.00000,159.50000,-0.50000,1455,False,2,1239569,2685,-1.79565,-0.80118,-1.76796,0.86057,0
8,66,154,160.00000,-7.51754,2.73616,-50,True,150.00000,159.50000,-0.50000,1455,False,2,1239586,2702,-1.85119,-0.82172,-1.81940,0.88990,1
8,66,154,160.00000,-7.51754,2.73616,-50,True,150.00000,159.50000,-0.50000,1455,False,2,1239603,2719,-1.90673,-0.84226,-1.87083,0.91924,0
8,66,154,160.00000,-7.51754,2.73616,-50,True,150.00000,159.50000,-0.50000,1455,False,2,1239619,2735,-1.96226,-0.86280,-1.92226,0.94858,0
8,66,154,160.00000,-7.51754,2.73616,-50,True,150.00000,159.50000,-0.50000,1455,False,2,1239636,2752,-2.01780,-0.88335,-1.97370,0.97792,0
8,66,154,160.00000,-7.51754,2.73616,-50,True,150.00000,159.50000,-0.50000,1455,False,2,1239653,2769,-2.05482,-0.90389,-2.01323,0.99307,0
8,66,154,160.00000,-7.51754,2.73616,-50,True,150.00000,159.50000,-0.50000,1455,False,2,1239670,2786,-2.11036,-0.92443,-2.06467,1.02241,0
8,66,154,160.00000,-7.51754,2.73616,-50,True,150.00000,159.50000,-0.50000,1455,False,2,1239686,2802,-2.18440,-0.96552,-2.14374,1.05273,0
8,66,154,160.00000,-7.51754,2.73616,-50,True,150.00000,159.50000,-0.50000,1455,False,2,1239703,2819,-2.23994,-0.98606,-2.19517,1.08207,0
8,66,154,160.00000,-7.51754,2.73616,-50,True,150.00000,159.50000,-0.50000,1455,False,2,1239719,2835,-2.33250,-1.02715,-2.28614,1.12656,0
8,66,154,160.00000,-7.51754,2.73616,-50,True,150.00000,159.50000,-0.50000,1455,False,2,1239736,2852,-2.40655,-1.06823,-2.36521,1.15687,0
8,66,154,160.00000,-7.51754,2.73616,-50,True,150.00000,159.50000,-0.50000,1455,False,2,1239753,2869,-2.53613,-1.10932,-2.47998,1.22973,0
8,66,154,160.00000,-7.51754,2.73616,-50,True,150.00000,159.50000,-0.50000,1455,False,2,1239770,2886,-2.61018,-1.15041,-2.55905,1.26005,0
8,66,154,160.00000,-7.51754,2.73616,-50,True,150.00000,159.50000,-0.50000,1455,False,2,1239786,2902,-2.70274,-1.17095,-2.63429,1.31775,0
8,66,154,160.00000,-7.51754,2.73616,-50,True,150.00000,159.50000,-0.50000,1455,False,2,1239803,2919,-2.81381,-1.23258,-2.75289,1.36322,0
8,66,154,160.00000,-7.51754,2.73616,-50,True,150.00000,159.50000,-0.50000,1455,False,2,1239819,2935,-2.92488,-1.25312,-2.84002,1.43510,0
8,66,154,160.00000,-7.51754,2.73616,-50,True,150.00000,159.50000,-0.50000,1455,False,2,1239836,2952,-3.01744,-1.29421,-2.93099,1.47959,0
8,66,154,160.00000,-7.51754,2.73616,-50,True,150.00000,159.50000,-0.50000,1455,False,2,1239853,2969,-3.12851,-1.35584,-3.04960,1.52506,0
8,66,154,160.00000,-7.51754,2.73616,-50,True,150.00000,159.50000,-0.50000,1455,False,2,1239870,2986,-3.20256,-1.39692,-3.12867,1.55538,0
8,66,154,160.00000,-7.51754,2.73616,-50,True,150.00000,159.50000,-0.50000,1455,False,2,1239886,3002,-3.29512,-1.41746,-3.20390,1.61308,0
8,66,154,160.00000,-7.51754,2.73616,-50,True,150.00000,159.50000,-0.50000,1455,False,2,1239903,3019,-3.38768,-1.45855,-3.29487,1.65757,0
8,66,154,160.00000,-7.51754,2.73616,-50,True,150.00000,159.50000,-0.50000,1455,False,2,1239920,3036,-3.46173,-1.49964,-3.37394,1.68789,0
8,66,154,160.00000,-7.51754,2.73616,-50,True,150.00000,159.50000,-0.50000,1455,False,2,1239936,3052,-3.57280,-1.54072,-3.47681,1.74656,0
8,66,154,160.00000,-7.51754,2.73616,-50,True,150.00000,159.50000,-0.50000,1455,False,2,1239953,3069,-3.64685,-1.58181,-3.55588,1.77688,0
8,66,154,160.00000,-7.51754,2.73616,-50,True,150.00000,159.50000,-0.50000,1455,False,2,1239970,3086,-3.72089,-1.60235,-3.61922,1.82040,0
8,66,154,160.00000,-7.51754,2.73616,-50,True,150.00000,159.50000,-0.50000,1455,False,2,1239987,3103,-3.81345,-1.64344,-3.71019,1.86489,0
8,66,154,160.00000,-7.51754,2.73616,-50,True,150.00000,159.50000,-0.50000,1455,False,2,1240003,3119,-3.88750,-1.68452,-3.78926,1.89521,0
8,66,154,160.00000,-7.51754,2.73616,-50,True,150.00000,159.50000,-0.50000,1455,False,2,1240020,3136,-3.99857,-1.72561,-3.89213,1.95388,0
8,66,154,160.00000,-7.51754,2.73616,-50,True,150.00000,159.50000,-0.50000,1455,False,2,1240036,3152,-4.07262,-1.74615,-3.95546,1.99740,0
8,66,154,160.00000,-7.51754,2.73616,-50,True,150.00000,159.50000,-0.50000,1455,False,2,1240053,3169,-4.14667,-1.78724,-4.03453,2.02772,0
8,66,154,160.00000,-7.51754,2.73616,-50,True,150.00000,159.50000,-0.50000,1455,False,2,1240070,3186,-4.22071,-1.82832,-4.11360,2.05803,0
8,66,154,160.00000,-7.51754,2.73616,-50,True,150.00000,159.50000,-0.50000,1455,False,2,1240087,3203,-4.35030,-1.88995,-4.24410,2.11768,0
8,66,154,160.00000,-7.51754,2.73616,-50,True,150.00000,159.50000,-0.50000,1455,False,2,1240103,3219,-4.42435,-1.95158,-4.33891,2.13479,0
8,66,154,160.00000,-7.51754,2.73616,-50,True,150.00000,159.50000,-0.50000,1455,False,2,1240120,3236,-4.53542,-2.01321,-4.45752,2.18026,0
8,66,154,160.00000,-7.51754,2.73616,-50,True,150.00000,159.50000,-0.50000,1455,False,2,1240136,3252,-4.66500,-2.11593,-4.61950,2.21351,0
8,66,154,160.00000,-7.51754,2.73616,-50,True,150.00000,159.50000,-0.50000,1455,False,2,1240153,3269,-4.77607,-2.21864,-4.76958,2.23257,0
8,66,154,160.00000,-7.51754,2.73616,-50,True,150.00000,159.50000,-0.50000,1455,False,2,1240170,3286,-4.94268,-2.36244,-4.98683,2.26776,0
8,66,154,160.00000,-7.51754,2.73616,-50,True,150.00000,159.50000,-0.50000,1455,False,2,1240187,3303,-5.05375,-2.46516,-5.13691,2.28683,0
8,66,154,160.00000,-7.51754,2.73616,-50,True,150.00000,159.50000,-0.50000,1455,False,2,1240203,3319,-5.16482,-2.56787,-5.28699,2.30589,0
8,66,154,160.00000,-7.51754,2.73616,-50,True,150.00000,159.50000,-0.50000,1455,False,2,1240220,3336,-5.25738,-2.62950,-5.39369,2.33718,0
8,66,154,160.00000,-7.51754,2.73616,-50,True,150.00000,159.50000,-0.50000,1455,False,2,1240237,3353,-5.34994,-2.69113,-5.50040,2.36847,0
8,66,154,160.00000,-7.51754,2.73616,-50,True,150.00000,159.50000,-0.50000,1455,False,2,1240253,3369,-5.42399,-2.75276,-5.59521,2.38558,0
8,66,154,160.00000,-7.51754,2.73616,-50,True,150.00000,159.50000,-0.50000,1455,False,2,1240270,3386,-5.47952,-2.79384,-5.66238,2.40171,0
8,66,154,160.00000,-7.51754,2.73616,-50,True,150.00000,159.50000,-0.50000,1455,False,2,1240287,3403,-5.53506,-2.83493,-5.72955,2.41784,0
8,66,154,160.00000,-7.51754,2.73616,-50,True,150.00000,159.50000,-0.50000,1455,False,2,1240303,3419,-5.59060,-2.87601,-5.79672,2.43398,0
8,66,154,160.00000,-7.51754,2.73616,-50,True,150.00000,159.50000,-0.50000,1455,False,2,1240320,3436,-5.66464,-2.91710,-5.87579,2.46429,0
8,66,154,160.00000,-7.51754,2.73616,-50,True,150.00000,159.50000,-0.50000,1455,False,2,1240337,3453,-5.70167,-2.95819,-5.93106,2.46624,0
8,66,154,160.00000,-7.51754,2.73616,-50,True,150.00000,159.50000,-0.50000,1455,False,2,1240353,3469,-5.75720,-3.01982,-6.01397,2.46917,0
8,66,154,160.00000,-7.51754,2.73616,-50,True,150.00000,159.50000,-0.50000,1455,False,2,1240370,3486,-5.79423,-3.06090,-6.06924,2.47112,0
8,66,154,160.00000,-7.51754,2.73616,-50,True,150.00000,159.50000,-0.50000,1455,False,2,1240387,3503,-5.83125,-3.08144,-6.10878,2.48628,0
8,66,154,160.00000,-7.51754,2.73616,-50,True,150.00000,159.50000,-0.50000,1455,False,2,1240403,3519,-5.86827,-3.12253,-6.16405,2.48823,0
8,66,154,160.00000,-7.51754,2.73616,-50,True,150.00000,159.50000,-0.50000,1455,False,2,1240420,3536,-5.88679,-3.14307,-6.19169,2.48921,0
8,66,154,160.00000,-7.51754,2.73616,-50,True,150.00000,159.50000,-0.50000,1455,False,2,1240437,3553,-5.92381,-3.16362,-6.23122,2.50437,0
8,66,154,160.00000,-7.51754,2.73616,-50,True,150.00000,159.50000,-0.50000,1455,False,2,1240453,3569,-5.94232,-3.18416,-6.25886,2.50534,0
8,66,154,160.00000,-7.51754,2.73616,-50,True,150.00000,159.50000,-0.50000,1455,False,2,1240470,3586,-5.99786,-3.22525,-6.32603,2.52148,0
8,66,154,160.00000,-7.51754,2.73616,-50,True,150.00000,159.50000,-0.50000,1455,False,2,1240487,3603,-6.03488,-3.26633,-6.38130,2.52343,0
8,66,154,160.00000,-7.51754,2.73616,-50,True,150.00000,159.50000,-0.50000,1455,False,2,1240504,3620,-6.09042,-3.30742,-6.44847,2.53956,0
8,66,154,160.00000,-7.51754,2.73616,-50,True,150.00000,159.50000,-0.50000,1455,False,2,1240520,3636,-6.12744,-3.34850,-6.50374,2.54152,0
8,66,154,160.00000,-7.51754,2.73616,-50,True,150.00000,159.50000,-0.50000,1455,False,2,1240537,3653,-6.18298,-3.36905,-6.55518,2.57085,0
8,66,154,160.00000,-7.51754,2.73616,-50,True,150.00000,159.50000,-0.50000,1455,False,2,1240553,3669,-6.23851,-3.43067,-6.63809,2.57378,0
8,66,154,160.00000,-7.51754,2.73616,-50,True,150.00000,159.50000,-0.50000,1455,False,2,1240570,3686,-6.25702,-3.45122,-6.66572,2.57476,0
8,66,154,160.00000,-7.51754,2.73616,-50,True,150.00000,159.50000,-0.50000,1455,False,2,1240587,3703,-6.29405,-3.47176,-6.70526,2.58992,0
8,66,154,160.00000,-7.51754,2.73616,-50,True,150.00000,159.50000,-0.50000,1455,False,2,1240604,3720,-6.31256,-3.49230,-6.73289,2.59089,0
8,66,154,160.00000,-7.51754,2.73616,-50,True,150.00000,159.50000,-0.50000,1455,False,2,1240620,3736,-6.31256,-3.49230,-6.73289,2.59089,0
8,66,154,160.00000,-7.51754,2.73616,-50,True,150.00000,159.50000,-0.50000,1455,False,2,1240637,3753,-6.33107,-3.51285,-6.76053,2.59187,0
8,66,154,160.00000,-7.51754,2.73616,-50,True,150.00000,159.50000,-0.50000,1455,False,2,1240654,3770,-6.34958,-3.53339,-6.78817,2.59284,0
8,66,154,160.00000,-7.51754,2.73616,-50,True,150.00000,159.50000,-0.50000,1455,False,2,1240670,3786,-6.36810,-3.55393,-6.81580,2.59382,0
8,66,154,160.00000,-7.51754,2.73616,-50,True,150.00000,159.50000,-0.50000,1455,False,2,1240687,3803,-6.40512,-3.59502,-6.87107,2.59577,0
8,66,154,160.00000,-7.51754,2.73616,-50,True,150.00000,159.50000,-0.50000,1455,False,2,1240704,3820,-6.44214,-3.63610,-6.92635,2.59772,0
8,66,154,160.00000,-7.51754,2.73616,-50,True,150.00000,159.50000,-0.50000,1455,False,2,1240720,3836,-6.47917,-3.67719,-6.98162,2.59968,0
8,66,154,160.00000,-7.51754,2.73616,-50,True,150.00000,159.50000,-0.50000,1455,False,2,1240737,3853,-6.55321,-3.75936,-7.09216,2.60358,0
8,66,154,160.00000,-7.51754,2.73616,-50,True,150.00000,159.50000,-0.50000,1455,False,2,1240754,3870,-6.60875,-3.82099,-7.17507,2.60651,0
8,66,154,160.00000,-7.51754,2.73616,-50,True,150.00000,159.50000,-0.50000,1455,False,2,1240770,3886,-6.66429,-3.90316,-7.27372,2.59623,0
8,66,154,160.00000,-7.51754,2.73616,-50,True,150.00000,159.50000,-0.50000,1455,False,2,1240787,3903,-6.73833,-3.98533,-7.38426,2.60014,0
8,66,154,160.00000,-7.51754,2.73616,-50,True,150.00000,159.50000,-0.50000,1455,False,3,1240804,3920,-6.81238,-4.06751,-7.49480,2.60404,0
8,66,154,160.00000,-7.51754,2.73616,-50,True,150.00000,159.50000,-0.50000,1455,False,3,1240820,3936,-6.84940,-4.10859,-7.55008,2.60600,0
8,66,154,160.00000,-7.51754,2.73616,-50,True,150.00000,159.50000,-0.50000,1455,False,3,1240837,3953,-6.86792,-4.14968,-7.59345,2.59377,0
8,66,154,160.00000,-7.51754,2.73616,-50,True,150.00000,159.50000,-0.50000,1455,False,3,1240854,3970,-6.88643,-4.17022,-7.62109,2.59474,0
8,66,154,160.00000,-7.51754,2.73616,-50,True,150.00000,159.50000,-0.50000,1455,False,3,1240870,3986,-6.88643,-4.17022,-7.62109,2.59474,0
8,66,154,160.00000,-7.51754,2.73616,-50,True,150.00000,159.50000,-0.50000,1455,False,3,1240887,4003,-6.88643,-4.17022,-7.62109,2.59474,0
8,66,154,160.00000,-7.51754,2.73616,-50,True,150.00000,159.50000,-0.50000,1455,False,3,1240904,4020,-6.88643,-4.17022,-7.62109,2.59474,0
8,66,154,160.00000,-7.51754,2.73616,-50,True,150.00000,159.50000,-0.50000,1455,False,3,1240920,4036,-6.88643,-4.17022,-7.62109,2.59474,0
8,66,154,160.00000,-7.51754,2.73616,-50,True,150.00000,159.50000,-0.50000,1455,False,3,1240937,4053,-6.88643,-4.17022,-7.62109,2.59474,0
8,66,154,160.00000,-7.51754,2.73616,-50,True,150.00000,159.50000,-0.50000,1455,False,3,1240954,4070,-6.88643,-4.17022,-7.62109,2.59474,0
8,66,154,160.00000,-7.51754,2.73616,-50,True,150.00000,159.50000,-0.50000,1455,False,3,1240971,4087,-6.88643,-4.17022,-7.62109,2.59474,0
8,66,154,160.00000,-7.51754,2.73616,-50,True,150.00000,159.50000,-0.50000,1455,False,3,1240987,4103,-6.88643,-4.17022,-7.62109,2.59474,0
8,66,154,160.00000,-7.51754,2.73616,-50,True,150.00000,159.50000,-0.50000,1455,False,3,1241004,4120,-6.88643,-4.17022,-7.62109,2.59474,0
8,66,154,160.00000,-7.51754,2.73616,-50,True,150.00000,159.50000,-0.50000,1455,False,3,1241020,4136,-6.88643,-4.19076,-7.63682,2.58154,0
8,66,154,160.00000,-7.51754,2.73616,-50,True,150.00000,159.50000,-0.50000,1455,False,3,1241037,4153,-6.88643,-4.19076,-7.63682,2.58154,0
8,66,154,160.00000,-7.51754,2.73616,-50,True,150.00000,159.50000,-0.50000,1455,False,3,1241054,4170,-6.88643,-4.19076,-7.63682,2.58154,0
8,66,154,160.00000,-7.51754,2.73616,-50,True,150.00000,159.50000,-0.50000,1455,False,3,1241071,4187,-6.88643,-4.19076,-7.63682,2.58154,0
8,66,154,160.00000,-7.51754,2.73616,-50,True,150.00000,159.50000,-0.50000,1455,False,3,1241087,4203,-6.86792,-4.19076,-7.62492,2.56736,0
8,66,154,160.00000,-7.51754,2.73616,-50,True,150.00000,159.50000,-0.50000,1455,False,3,1241104,4220,-6.84940,-4.17022,-7.59729,2.56638,0
8,66,154,160.00000,-7.51754,2.73616,-50,True,150.00000,159.50000,-0.50000,1455,False,3,1241121,4237,-6.83089,-4.14968,-7.56965,2.56541,0
8,66,154,160.00000,-7.51754,2.73616,-50,True,150.00000,159.50000,-0.50000,1455,False,3,1241137,4253,-6.75685,-4.10859,-7.49058,2.53509,0
8,66,154,160.00000,-7.51754,2.73616,-50,True,150.00000,159.50000,-0.50000,1455,False,3,1241154,4270,-6.68280,-4.02642,-7.38004,2.53119,0
8,66,154,160.00000,-7.51754,2.73616,-50,True,150.00000,159.50000,-0.50000,1455,False,3,1241171,4287,-6.55321,-3.92371,-7.21806,2.49794,0
8,66,154,160.00000,-7.51754,2.73616,-50,True,150.00000,159.50000,-0.50000,1455,False,3,1241187,4303,-6.31256,-3.71828,-6.90600,2.44564,0
8,66,154,160.00000,-7.51754,2.73616,-50,True,150.00000,159.50000,-0.50000,1455,False,3,1241204,4320,-6.09042,-3.55393,-6.63731,2.38111,0
8,66,154,160.00000,-7.51754,2.73616,-50,True,150.00000,159.50000,-0.50000,1455,False,3,1241221,4337,-5.81274,-3.32796,-6.28572,2.31364,0
8,66,154,160.00000,-7.51754,2.73616,-50,True,150.00000,159.50000,-0.50000,1455,False,3,1241237,4353,-5.60911,-3.12253,-5.99746,2.28970,0
8,66,154,160.00000,-7.51754,2.73616,-50,True,150.00000,159.50000,-0.50000,1455,False,3,1241254,4370,-5.40548,-2.93764,-5.72494,2.25255,0
8,66,154,160.00000,-7.51754,2.73616,-50,True,150.00000,159.50000,-0.50000,1455,False,3,1241271,4387,-5.20185,-2.75276,-5.45242,2.21541,0
8,66,154,160.00000,-7.51754,2.73616,-50,True,150.00000,159.50000,-0.50000,1455,False,3,1241287,4403,-4.96119,-2.52678,-5.12462,2.17631,0
8,66,154,160.00000,-7.51754,2.73616,-50,True,150.00000,159.50000,-0.50000,1455,False,3,1241304,4420,-4.81310,-2.38298,-4.91927,2.15529,0
8,66,154,160.00000,-7.51754,2.73616,-50,True,150.00000,159.50000,-0.50000,1455,False,3,1241321,4437,-4.64649,-2.23918,-4.70202,2.12010,0
8,66,154,160.00000,-7.51754,2.73616,-50,True,150.00000,159.50000,-0.50000,1455,False,3,1241337,4453,-4.46137,-2.09538,-4.47287,2.07072,0
8,66,154,160.00000,-7.51754,2.73616,-50,True,150.00000,159.50000,-0.50000,1455,False,3,1241354,4470,-4.35030,-1.99267,-4.32279,2.05166,0
8,66,154,160.00000,-7.51754,2.73616,-50,True,150.00000,159.50000,-0.50000,1455,False,3,1241371,4487,-4.09113,-1.80778,-4.01457,1.97197,0
8,66,154,160.00000,-7.51754,2.73616,-50,True,150.00000,159.50000,-0.50000,1455,False,3,1241388,4504,-3.92452,-1.70507,-3.82879,1.91036,0
8,66,154,160.00000,-7.51754,2.73616,-50,True,150.00000,159.50000,-0.50000,1455,False,3,1241404,4520,-3.79494,-1.62289,-3.68255,1.86392,0
8,66,154,160.00000,-7.51754,2.73616,-50,True,150.00000,159.50000,-0.50000,1455,False,3,1241421,4537,-3.70238,-1.58181,-3.59158,1.81942,0
8,66,154,160.00000,-7.51754,2.73616,-50,True,150.00000,159.50000,-0.50000,1455,False,3,1241438,4554,-3.51726,-1.47909,-3.39390,1.74364,0
8,66,154,160.00000,-7.51754,2.73616,-50,True,150.00000,159.50000,-0.50000,1455,False,3,1241454,4570,-3.33214,-1.39692,-3.21196,1.65465,0
8,66,154,160.00000,-7.51754,2.73616,-50,True,150.00000,159.50000,-0.50000,1455,False,3,1241471,4587,-3.22107,-1.33529,-3.09336,1.60917,0
8,66,154,160.00000,-7.51754,2.73616,-50,True,150.00000,159.50000,-0.50000,1455,False,3,1241488,4604,-3.11000,-1.27366,-2.97475,1.56370,0
8,66,154,160.00000,-7.51754,2.73616,-50,True,150.00000,159.50000,-0.50000,1455,False,3,1241504,4620,-2.99893,-1.19149,-2.84041,1.53144,0
8,66,154,160.00000,-7.51754,2.73616,-50,True,150.00000,159.50000,-0.50000,1455,False,3,1241521,4637,-2.85083,-1.10932,-2.68227,1.47081,0
8,66,154,160.00000,-7.51754,2.73616,-50,True,150.00000,159.50000,-0.50000,1455,False,3,1241538,4654,-2.75827,-1.04769,-2.57556,1.43952,0
8,66,154,160.00000,-7.51754,2.73616,-50,True,150.00000,159.50000,-0.50000,1455,False,3,1241554,4670,-2.64720,-0.98606,-2.45696,1.39405,0
8,66,154,160.00000,-7.51754,2.73616,-50,True,150.00000,159.50000,-0.50000,1455,False,3,1241571,4687,-2.49911,-0.92443,-2.31455,1.32021,0
8,66,154,160.00000,-7.51754,2.73616,-50,True,150.00000,159.50000,-0.50000,1455,False,3,1241588,4704,-2.38804,-0.88335,-2.21168,1.26154,0
8,66,154,160.00000,-7.51754,2.73616,-50,True,150.00000,159.50000,-0.50000,1455,False,3,1241604,4720,-2.25845,-0.82172,-2.08118,1.20188,0
8,66,154,160.00000,-7.51754,2.73616,-50,True,150.00000,159.50000,-0.50000,1455,False,3,1241621,4737,-2.16589,-0.80118,-2.00595,1.14418,0
8,66,154,160.00000,-7.51754,2.73616,-50,True,150.00000,159.50000,-0.50000,1455,False,3,1241638,4754,-2.07333,-0.78063,-1.93071,1.08648,0
8,66,154,160.00000,-7.51754,2.73616,-50,True,150.00000,159.50000,-0.50000,1455,False,3,1241654,4770,-1.98077,-0.76009,-1.85548,1.02878,0
8,66,154,160.00000,-7.51754,2.73616,-50,True,150.00000,159.50000,-0.50000,1455,False,3,1241671,4787,-1.86970,-0.73955,-1.76835,0.95690,0
8,66,154,160.00000,-7.51754,2.73616,-50,True,150.00000,159.50000,-0.50000,1455,False,3,1241688,4804,-1.77714,-0.73955,-1.70885,0.88600,0
8,66,154,160.00000,-7.51754,2.73616,-50,True,150.00000,159.50000,-0.50000,1455,False,3,1241704,4820,-1.66607,-0.73955,-1.63746,0.80091,0
8,66,154,160.00000,-7.51754,2.73616,-50,True,150.00000,159.50000,-0.50000,1455,False,3,1241721,4837,-1.59202,-0.76009,-1.60560,0.73098,0
8,66,154,160.00000,-7.51754,2.73616,-50,True,150.00000,159.50000,-0.50000,1455,False,3,1241738,4854,-1.49946,-0.78063,-1.56184,0.64688,0
8,66,154,160.00000,-7.51754,2.73616,-50,True,150.00000,159.50000,-0.50000,1455,False,3,1241754,4870,-1.38839,-0.80118,-1.50618,0.54858,0
8,66,154,160.00000,-7.51754,2.73616,-50,True,150.00000,159.50000,-0.50000,1455,False,3,1241771,4887,-1.31435,-0.82172,-1.47432,0.47866,0
8,66,154,160.00000,-7.51754,2.73616,-50,True,150.00000,159.50000,-0.50000,1455,False,3,1241788,4904,-1.22179,-0.84226,-1.43056,0.39455,0
8,66,154,160.00000,-7.51754,2.73616,-50,True,150.00000,159.50000,-0.50000,1455,False,3,1241804,4920,-1.16625,-0.86280,-1.41060,0.33880,0
8,66,154,160.00000,-7.51754,2.73616,-50,True,150.00000,159.50000,-0.50000,1455,False,3,1241821,4937,-1.11071,-0.90389,-1.40637,0.26985,0
8,66,154,160.00000,-7.51754,2.73616,-50,True,150.00000,159.50000,-0.50000,1455,False,3,1241838,4954,-1.05518,-0.92443,-1.38641,0.21410,0
8,66,154,160.00000,-7.51754,2.73616,-50,True,150.00000,159.50000,-0.50000,1455,False,3,1241855,4971,-0.99964,-0.96552,-1.38219,0.14515,0
8,66,154,160.00000,-7.51754,2.73616,-50,True,150.00000,159.50000,-0.50000,1455,False,3,1241871,4987,-0.94411,-1.00661,-1.37796,0.07619,0
8,66,154,160.00000,-7.51754,2.73616,-50,True,150.00000,159.50000,-0.50000,1455,False,3,1241888,5004,-0.90708,-1.04769,-1.38564,0.02142,0
8,66,154,160.00000,-7.51754,2.73616,-50,True,150.00000,159.50000,-0.50000,1455,False,3,1241904,5020,-0.87006,-1.08878,-1.39332,-0.03335,0
8,66,154,160.00000,-7.51754,2.73616,-50,True,150.00000,159.50000,-0.50000,1455,False,3,1241921,5037,-0.83304,-1.10932,-1.38525,-0.07491,0
8,66,154,160.00000,-7.51754,2.73616,-50,True,150.00000,159.50000,-0.50000,1455,False,3,1241938,5054,-0.79601,-1.15041,-1.39293,-0.12969,0
8,66,154,160.00000,-7.51754,2.73616,-50,True,150.00000,159.50000,-0.50000,1455,False,3,1241955,5071,-0.75899,-1.19149,-1.40060,-0.18446,0
8,66,154,160.00000,-7.51754,2.73616,-50,True,150.00000,159.50000,-0.50000,1455,False,3,1241972,5088,-0.72196,-1.21203,-1.39254,-0.22602,0
8,66,154,160.00000,-7.51754,2.73616,-50,True,150.00000,159.50000,-0.50000,1455,False,3,1241988,5104,-0.68494,-1.23258,-1.38448,-0.26759,0
8,66,154,160.00000,-7.51754,2.73616,-50,True,150.00000,159.50000,-0.50000,1455,False,3,1242005,5121,-0.66643,-1.27366,-1.40405,-0.30818,0
8,66,154,160.00000,-7.51754,2.73616,-50,True,150.00000,159.50000,-0.50000,1455,False,3,1242021,5137,-0.61089,-1.31475,-1.39983,-0.37713,0
8,66,154,160.00000,-7.51754,2.73616,-50,True,150.00000,159.50000,-0.50000,1455,False,3,1242038,5154,-0.59238,-1.33529,-1.40367,-0.40452,0
8,66,154,160.00000,-7.51754,2.73616,-50,True,150.00000,159.50000,-0.50000,1455,False,3,1242055,5171,-0.55536,-1.37638,-1.41134,-0.45929,0
8,66,154,160.00000,-7.51754,2.73616,-50,True,150.00000,159.50000,-0.50000,1455,False,3,1242071,5187,-0.53685,-1.41746,-1.43092,-0.49988,0
8,66,154,160.00000,-7.51754,2.73616,-50,True,150.00000,159.50000,-0.50000,1455,False,3,1242088,5204,-0.49982,-1.45855,-1.43859,-0.55465,0
8,66,154,160.00000,-7.51754,2.73616,-50,True,150.00000,159.50000,-0.50000,1455,False,3,1242105,5221,-0.46280,-1.47909,-1.43053,-0.59622,0
8,66,154,160.00000,-7.51754,2.73616,-50,True,150.00000,159.50000,-0.50000,1455,False,3,1242121,5237,-0.42577,-1.52018,-1.43821,-0.65099,0
8,66,154,160.00000,-7.51754,2.73616,-50,True,150.00000,159.50000,-0.50000,1455,False,3,1242138,5254,-0.40726,-1.52018,-1.42631,-0.66517,0
8,66,154,160.00000,-7.51754,2.73616,-50,True,150.00000,159.50000,-0.50000,1455,False,3,1242155,5271,-0.38875,-1.54072,-1.43015,-0.69256,0
8,66,154,160.00000,-7.51754,2.73616,-50,True,150.00000,159.50000,-0.50000,1455,False,3,1242172,5288,-0.37024,-1.54072,-1.41825,-0.70674,0
8,66,154,160.00000,-7.51754,2.73616,-50,True,150.00000,159.50000,-0.50000,1455,False,3,1242188,5304,-0.33321,-1.56127,-1.41018,-0.74830,0
8,66,154,160.00000,-7.51754,2.73616,-50,True,150.00000,159.50000,-0.50000,1455,False,3,1242205,5321,-0.31470,-1.56127,-1.39829,-0.76249,0
8,66,154,160.00000,-7.51754,2.73616,-50,True,150.00000,159.50000,-0.50000,1455,False,3,1242221,5337,-0.27768,-1.54072,-1.35875,-0.77764,0
8,66,154,160.00000,-7.51754,2.73616,-50,True,150.00000,159.50000,-0.50000,1455,False,3,1242238,5354,-0.22214,-1.52018,-1.30732,-0.80698,0
8,66,154,160.00000,-7.51754,2.73616,-50,True,150.00000,159.50000,-0.50000,1455,False,3,1242255,5371,-0.18512,-1.47909,-1.25204,-0.80893,0
8,66,154,160.00000,-7.51754,2.73616,-50,True,150.00000,159.50000,-0.50000,1455,False,3,1242272,5388,-0.14810,-1.41746,-1.18103,-0.79768,0
8,66,154,160.00000,-7.51754,2.73616,-50,True,150.00000,159.50000,-0.50000,1455,False,3,1242288,5404,-0.14810,-1.37638,-1.14956,-0.77127,0
8,66,154,160.00000,-7.51754,2.73616,-50,True,150.00000,159.50000,-0.50000,1455,False,3,1242305,5421,-0.12958,-1.31475,-1.09045,-0.74584,0
8,66,154,160.00000,-7.51754,2.73616,-50,True,150.00000,159.50000,-0.50000,1455,False,3,1242321,5437,-0.12958,-1.25312,-1.04324,-0.70622,0
8,66,154,160.00000,-7.51754,2.73616,-50,True,150.00000,159.50000,-0.50000,1455,False,3,1242338,5454,-0.14810,-1.19149,-1.00793,-0.65243,0
8,66,154,160.00000,-7.51754,2.73616,-50,True,150.00000,159.50000,-0.50000,1455,False,3,1242355,5471,-0.16661,-1.08878,-0.94114,-0.57222,0
8,66,154,160.00000,-7.51754,2.73616,-50,True,150.00000,159.50000,-0.50000,1455,False,3,1242372,5488,-0.16661,-1.00661,-0.87820,-0.51940,0
8,66,154,160.00000,-7.51754,2.73616,-50,True,150.00000,159.50000,-0.50000,1455,False,3,1242388,5504,-0.18512,-0.94498,-0.84289,-0.46561,0
8,66,154,160.00000,-7.51754,2.73616,-50,True,150.00000,159.50000,-0.50000,1455,False,3,1242405,5521,-0.18512,-0.90389,-0.81141,-0.43920,0
8,66,154,160.00000,-7.51754,2.73616,-50,True,150.00000,159.50000,-0.50000,1455,False,3,1242422,5538,-0.20363,-0.88335,-0.80757,-0.41181,0
8,66,154,160.00000,-7.51754,2.73616,-50,True,150.00000,159.50000,-0.50000,1455,False,3,1242438,5554,-0.22214,-0.84226,-0.78800,-0.37122,0
8,66,154,160.00000,-7.51754,2.73616,-50,True,150.00000,159.50000,-0.50000,1455,False,3,1242455,5571,-0.24065,-0.80118,-0.76843,-0.33063,0
8,66,154,160.00000,-7.51754,2.73616,-50,True,150.00000,159.50000,-0.50000,1455,False,3,1242472,5588,-0.25917,-0.78063,-0.76459,-0.30325,0
8,66,154,160.00000,-7.51754,2.73616,-50,True,150.00000,159.50000,-0.50000,1455,False,3,1242488,5604,-0.25917,-0.76009,-0.74885,-0.29004,0
8,66,154,160.00000,-7.51754,2.73616,-50,True,150.00000,159.50000,-0.50000,1455,False,3,1242505,5621,-0.27768,-0.76009,-0.76075,-0.27586,0
8,66,154,160.00000,-7.51754,2.73616,-50,True,150.00000,159.50000,-0.50000,1455,False,3,1242522,5638,-0.27768,-0.76009,-0.76075,-0.27586,0
8,66,154,160.00000,-7.51754,2.73616,-50,True,150.00000,159.50000,-0.50000,1455,False,3,1242539,5655,-0.27768,-0.76009,-0.76075,-0.27586,0
8,66,154,160.00000,-7.51754,2.73616,-50,True,150.00000,159.50000,-0.50000,1455,False,3,1242555,5671,-0.27768,-0.73955,-0.74501,-0.26266,0
8,66,154,160.00000,-7.51754,2.73616,-50,True,150.00000,159.50000,-0.50000,1455,False,3,1242572,5688,-0.27768,-0.73955,-0.74501,-0.26266,0
8,66,154,160.00000,-7.51754,2.73616,-50,True,150.00000,159.50000,-0.50000,1455,False,3,1242589,5705,-0.27768,-0.73955,-0.74501,-0.26266,0
8,66,154,160.00000,-7.51754,2.73616,-50,True,150.00000,159.50000,-0.50000,1455,False,3,1242605,5721,-0.27768,-0.71900,-0.72928,-0.24945,0
8,66,154,160.00000,-7.51754,2.73616,-50,True,150.00000,159.50000,-0.50000,1455,False,3,1242622,5738,-0.27768,-0.71900,-0.72928,-0.24945,0
8,66,154,160.00000,-7.51754,2.73616,-50,True,150.00000,159.50000,-0.50000,1455,False,3,1242638,5754,-0.27768,-0.69846,-0.71354,-0.23625,0
8,66,154,160.00000,-7.51754,2.73616,-50,True,150.00000,159.50000,-0.50000,1455,False,3,1242655,5771,-0.25917,-0.67792,-0.68590,-0.23722,0
8,66,154,160.00000,-7.51754,2.73616,-50,True,150.00000,159.50000,-0.50000,1455,False,3,1242672,5788,-0.25917,-0.61629,-0.63869,-0.19761,0
8,66,154,160.00000,-7.51754,2.73616,-50,True,150.00000,159.50000,-0.50000,1455,False,3,1242689,5805,-0.24065,-0.59575,-0.61106,-0.19859,0
8,66,154,160.00000,-7.51754,2.73616,-50,True,150.00000,159.50000,-0.50000,1455,False,3,1242705,5821,-0.24065,-0.55466,-0.57958,-0.17218,0
8,66,154,160.00000,-7.51754,2.73616,-50,True,150.00000,159.50000,-0.50000,1455,False,3,1242722,5838,-0.22214,-0.49303,-0.52047,-0.14674,0
8,66,154,160.00000,-7.51754,2.73616,-50,True,150.00000,159.50000,-0.50000,1455,False,3,1242738,5854,-0.22214,-0.45195,-0.48900,-0.12033,0
8,66,154,160.00000,-7.51754,2.73616,-50,True,150.00000,159.50000,-0.50000,1455,False,3,1242755,5871,-0.22214,-0.39032,-0.44179,-0.08072,0
8,66,154,160.00000,-7.51754,2.73616,-50,True,150.00000,159.50000,-0.50000,1455,False,3,1242772,5888,-0.20363,-0.30814,-0.36694,-0.04208,0
8,66,154,160.00000,-7.51754,2.73616,-50,True,150.00000,159.50000,-0.50000,1455,False,3,1242788,5904,-0.20363,-0.26706,-0.33547,-0.01567,0
8,66,154,160.00000,-7.51754,2.73616,-50,True,150.00000,159.50000,-0.50000,1455,False,3,1242805,5921,-0.20363,-0.22597,-0.30400,0.01074,0
8,66,154,160.00000,-7.51754,2.73616,-50,True,150.00000,159.50000,-0.50000,1455,False,3,1242822,5938,-0.20363,-0.16434,-0.25679,0.05035,0
8,66,154,160.00000,-7.51754,2.73616,-50,True,150.00000,159.50000,-0.50000,1455,False,3,1242839,5955,-0.18512,-0.12326,-0.21341,0.06258,0
