task_idx,trial_idx,cutrial_no,targetangle_deg,targetx_cm,targety_cm,rotation_deg,doaiming_bool,aimstart_deg,aim_deg,aimdeviation_deg,aimtime_ms,zeroclamped_bool,phase,cutime_ms,time_ms,mousex_cm,mousey_cm,cursorx_cm,cursory_cm,deviation_bool
2,24,24,100.00000,-1.38919,7.87846,0,True,90.00000,100.00000,0.00000,1640,False,0,253378,0,-0.11107,0.00000,-0.11107,0.00000,0
2,24,24,100.00000,-1.38919,7.87846,0,True,90.00000,100.00000,0.00000,1640,False,1,253395,17,-0.11107,0.00000,-0.11107,0.00000,0
2,24,24,100.00000,-1.38919,7.87846,0,True,90.00000,100.00000,0.00000,1640,False,1,253411,33,-0.11107,0.00000,-0.11107,0.00000,0
2,24,24,100.00000,-1.38919,7.87846,0,True,90.00000,100.00000,0.00000,1640,False,1,253428,50,-0.11107,0.00000,-0.11107,0.00000,0
2,24,24,100.00000,-1.38919,7.87846,0,True,90.00000,100.00000,0.00000,1640,False,1,253445,67,-0.11107,0.00000,-0.11107,0.00000,0
2,24,24,100.00000,-1.38919,7.87846,0,True,90.00000,100.00000,0.00000,1640,False,1,253462,84,-0.11107,0.00000,-0.11107,0.00000,0
2,24,24,100.00000,-1.38919,7.87846,0,True,90.00000,100.00000,0.00000,1640,False,1,253478,100,-0.11107,0.00000,-0.11107,0.00000,0
2,24,24,100.00000,-1.38919,7.87846,0,True,90.00000,100.00000,0.00000,1640,False,1,253495,117,-0.11107,0.00000,-0.11107,0.00000,0
2,24,24,100.00000,-1.38919,7.87846,0,True,90.00000,100.00000,0.00000,1640,False,1,253511,133,-0.11107,0.00000,-0.11107,0.00000,0
2,24,24,100.00000,-1.38919,7.87846,0,True,90.00000,100.00000,0.00000,1640,False,1,253528,150,-0.11107,0.00000,-0.11107,0.00000,0
2,24,24,100.00000,-1.38919,7.87846,0,True,90.00000,100.00000,0.00000,1640,False,1,253545,167,-0.11107,0.00000,-0.11107,0.00000,0
2,24,24,100.00000,-1.38919,7.87846,0,True,90.00000,100.00000,0.00000,1640,False,1,253561,183,-0.11107,0.00000,-0.11107,0.00000,0
2,24,24,100.00000,-1.38919,7.87846,0,True,90.00000,100.00000,0.00000,1640,False,1,253578,200,-0.11107,0.00000,-0.11107,0.00000,0
2,24,24,100.00000,-1.38919,7.87846,0,True,90.00000,100.00000,0.00000,1640,False,1,253595,217,-0.11107,0.00000,-0.11107,0.00000,0
2,24,24,100.00000,-1.38919,7.87846,0,True,90.00000,100.00000,0.00000,1640,False,1,253611,233,-0.11107,0.00000,-0.11107,0.00000,0
2,24,24,100.00000,-1.38919,7.87846,0,True,90.00000,100.00000,0.00000,1640,False,1,253628,250,-0.11107,0.00000,-0.11107,0.00000,0
2,24,24,100.00000,-1.38919,7.87846,0,True,90.00000,100.00000,0.00000,1640,False,1,253645,267,-0.11107,0.00000,-0.11107,0.00000,0
2,24,24,100.00000,-1.38919,7.87846,0,True,90.00000,100.00000,0.00000,1640,False,1,253661,283,-0.11107,0.00000,-0.11107,0.00000,0
2,24,24,100.00000,-1.38919,7.87846,0,True,90.00000,100.00000,0.00000,1640,False,1,253678,300,-0.11107,0.00000,-0.11107,0.00000,0
2,24,24,100.00000,-1.38919,7.87846,0,True,90.00000,100.00000,0.00000,1640,False,1,253695,317,-0.11107,0.00000,-0.11107,0.00000,0
2,24,24,100.00000,-1.38919,7.87846,0,True,90.00000,100.00000,0.00000,1640,False,1,253712,334,-0.11107,0.00000,-0.11107,0.00000,0
2,24,24,100.00000,-1.38919,7.87846,0,True,90.00000,100.00000,0.00000,1640,False,1,253728,350,-0.11107,0.00000,-0.11107,0.00000,0
2,24,24,100.00000,-1.38919,7.87846,0,True,90.00000,100.00000,0.00000,1640,False,2,253745,367,-0.11107,0.00000,-0.11107,0.00000,0
2,24,24,100.00000,-1.38919,7.87846,0,True,90.00000,100.00000,0.00000,1640,False,2,253762,384,-0.11107,0.00000,-0.11107,0.00000,0
2,24,24,100.00000,-1.38919,7.87846,0,True,90.00000,100.00000,0.00000,1640,False,2,253778,400,-0.11107,0.00000,-0.11107,0.00000,0
2,24,24,100.00000,-1.38919,7.87846,0,True,90.00000,100.00000,0.00000,1640,False,2,253795,417,-0.11107,0.00000,-0.11107,0.00000,0
2,24,24,100.00000,-1.38919,7.87846,0,True,90.00000,100.00000,0.00000,1640,False,2,253812,434,-0.11107,0.00000,-0.11107,0.00000,0
2,24,24,100.00000,-1.38919,7.87846,0,True,90.00000,100.00000,0.00000,1640,False,2,253828,450,-0.11107,0.00000,-0.11107,0.00000,0
2,24,24,100.00000,-1.38919,7.87846,0,True,90.00000,100.00000,0.00000,1640,False,2,253845,467,-0.11107,0.00000,-0.11107,0.00000,0
2,24,24,100.00000,-1.38919,7.87846,0,True,90.00000,100.00000,0.00000,1640,False,2,253862,484,-0.11107,0.00000,-0.11107,0.00000,0
2,24,24,100.00000,-1.38919,7.87846,0,True,90.00000,100.00000,0.00000,1640,False,2,253878,500,-0.11107,-0.02054,-0.11107,-0.02054,0
2,24,24,100.00000,-1.38919,7.87846,0,True,90.00000,100.00000,0.00000,1640,False,2,253895,517,-0.11107,-0.02054,-0.11107,-0.02054,0
2,24,24,100.00000,-1.38919,7.87846,0,True,90.00000,100.00000,0.00000,1640,False,2,253912,534,-0.11107,-0.02054,-0.11107,-0.02054,0
2,24,24,100.00000,-1.38919,7.87846,0,True,90.00000,100.00000,0.00000,1640,False,2,253928,550,-0.11107,-0.02054,-0.11107,-0.02054,0
2,24,24,100.00000,-1.38919,7.87846,0,True,90.00000,100.00000,0.00000,1640,False,2,253945,567,-0.11107,-0.02054,-0.11107,-0.02054,0
2,24,24,100.00000,-1.38919,7.87846,0,True,90.00000,100.00000,0.00000,1640,False,2,253962,584,-0.11107,-0.02054,-0.11107,-0.02054,0
2,24,24,100.00000,-1.38919,7.87846,0,True,90.00000,100.00000,0.00000,1640,False,2,253978,600,-0.11107,-0.02054,-0.11107,-0.02054,0
2,24,24,100.00000,-1.38919,7.87846,0,True,90.00000,100.00000,0.00000,1640,False,2,253995,617,-0.11107,-0.02054,-0.11107,-0.02054,0
2,24,24,100.00000,-1.38919,7.87846,0,True,90.00000,100.00000,0.00000,1640,False,2,254012,634,-0.11107,-0.02054,-0.11107,-0.02054,0
2,24,24,100.00000,-1.38919,7.87846,0,True,90.00000,100.00000,0.00000,1640,False,2,254028,650,-0.11107,-0.02054,-0.11107,-0.02054,0
2,24,24,100.00000,-1.38919,7.87846,0,True,90.00000,100.00000,0.00000,1640,False,2,254045,667,-0.11107,-0.02054,-0.11107,-0.02054,0
2,24,24,100.00000,-1.38919,7.87846,0,True,90.00000,100.00000,0.00000,1640,False,2,254062,684,-0.11107,-0.02054,-0.11107,-0.02054,0
2,24,24,100.00000,-1.38919,7.87846,0,True,90.00000,100.00000,0.00000,1640,False,2,254078,700,-0.11107,0.00000,-0.11107,0.00000,0
2,24,24,100.00000,-1.38919,7.87846,0,True,90.00000,100.00000,0.00000,1640,False,2,254095,717,-0.12958,0.02054,-0.12958,0.02054,0
2,24,24,100.00000,-1.38919,7.87846,0,True,90.00000,100.00000,0.00000,1640,False,2,254112,734,-0.14810,0.08217,-0.14810,0.08217,0
2,24,24,100.00000,-1.38919,7.87846,0,True,90.00000,100.00000,0.00000,1640,False,2,254128,750,-0.18512,0.12326,-0.18512,0.12326,0
2,24,24,100.00000,-1.38919,7.87846,0,True,90.00000,100.00000,0.00000,1640,False,2,254145,767,-0.22214,0.20543,-0.22214,0.20543,0
2,24,24,100.00000,-1.38919,7.87846,0,True,90.00000,100.00000,0.00000,1640,False,2,254162,784,-0.25917,0.26706,-0.25917,0.26706,0
2,24,24,100.00000,-1.38919,7.87846,0,True,90.00000,100.00000,0.00000,1640,False,2,254178,800,-0.29619,0.36977,-0.29619,0.36977,0
2,24,24,100.00000,-1.38919,7.87846,0,True,90.00000,100.00000,0.00000,1640,False,2,254195,817,-0.37024,0.55466,-0.37024,0.55466,0
2,24,24,100.00000,-1.38919,7.87846,0,True,90.00000,100.00000,0.00000,1640,False,2,254212,834,-0.40726,0.76009,-0.40726,0.76009,0
2,24,24,100.00000,-1.38919,7.87846,0,True,90.00000,100.00000,0.00000,1640,False,2,254229,851,-0.44429,0.94498,-0.44429,0.94498,0
2,24,24,100.00000,-1.38919,7.87846,0,True,90.00000,100.00000,0.00000,1640,False,2,254245,867,-0.48131,1.17095,-0.48131,1.17095,0
2,24,24,100.00000,-1.38919,7.87846,0,True,90.00000,100.00000,0.00000,1640,False,2,254262,884,-0.51833,1.35584,-0.51833,1.35584,0
2,24,24,100.00000,-1.38919,7.87846,0,True,90.00000,100.00000,0.00000,1640,False,2,254279,901,-0.55536,1.52018,-0.55536,1.52018,0
2,24,24,100.00000,-1.38919,7.87846,0,True,90.00000,100.00000,0.00000,1640,False,2,254295,917,-0.59238,1.74615,-0.59238,1.74615,0
2,24,24,100.00000,-1.38919,7.87846,0,True,90.00000,100.00000,0.00000,1640,False,2,254312,934,-0.62940,1.93104,-0.62940,1.93104,1
2,24,24,100.00000,-1.38919,7.87846,0,True,90.00000,100.00000,0.00000,1640,False,2,254329,951,-0.66643,2.09538,-0.66643,2.09538,0
2,24,24,100.00000,-1.38919,7.87846,0,True,90.00000,100.00000,0.00000,1640,False,2,254345,967,-0.70345,2.32135,-0.70345,2.32135,0
2,24,24,100.00000,-1.38919,7.87846,0,True,90.00000,100.00000,0.00000,1640,False,2,254362,984,-0.75899,2.54733,-0.75899,2.54733,0
2,24,24,100.00000,-1.38919,7.87846,0,True,90.00000,100.00000,0.00000,1640,False,2,254379,1001,-0.79601,2.75276,-0.79601,2.75276,0
2,24,24,100.00000,-1.38919,7.87846,0,True,90.00000,100.00000,0.00000,1640,False,2,254396,1018,-0.83304,2.97873,-0.83304,2.97873,0
2,24,24,100.00000,-1.38919,7.87846,0,True,90.00000,100.00000,0.00000,1640,False,2,254412,1034,-0.87006,3.18416,-0.87006,3.18416,0
2,24,24,100.00000,-1.38919,7.87846,0,True,90.00000,100.00000,0.00000,1640,False,2,254429,1051,-0.90708,3.34850,-0.90708,3.34850,0
2,24,24,100.00000,-1.38919,7.87846,0,True,90.00000,100.00000,0.00000,1640,False,2,254445,1067,-0.94411,3.49230,-0.94411,3.49230,0
2,24,24,100.00000,-1.38919,7.87846,0,True,90.00000,100.00000,0.00000,1640,False,2,254462,1084,-1.01815,3.67719,-1.01815,3.67719,0
2,24,24,100.00000,-1.38919,7.87846,0,True,90.00000,100.00000,0.00000,1640,False,2,254479,1101,-1.11071,3.86208,-1.11071,3.86208,0
2,24,24,100.00000,-1.38919,7.87846,0,True,90.00000,100.00000,0.00000,1640,False,2,254495,1117,-1.16625,3.96479,-1.16625,3.96479,0
2,24,24,100.00000,-1.38919,7.87846,0,True,90.00000,100.00000,0.00000,1640,False,2,254512,1134,-1.27732,4.08805,-1.27732,4.08805,0
2,24,24,100.00000,-1.38919,7.87846,0,True,90.00000,100.00000,0.00000,1640,False,2,254529,1151,-1.35137,4.19076,-1.35137,4.19076,0
2,24,24,100.00000,-1.38919,7.87846,0,True,90.00000,100.00000,0.00000,1640,False,2,254546,1168,-1.42542,4.27294,-1.42542,4.27294,0
2,24,24,100.00000,-1.38919,7.87846,0,True,90.00000,100.00000,0.00000,1640,False,2,254562,1184,-1.48095,4.39619,-1.48095,4.39619,0
2,24,24,100.00000,-1.38919,7.87846,0,True,90.00000,100.00000,0.00000,1640,False,2,254579,1201,-1.49946,4.72488,-1.49946,4.72488,0
2,24,24,100.00000,-1.38919,7.87846,0,True,90.00000,100.00000,0.00000,1640,False,2,254596,1218,-1.48095,4.90977,-1.48095,4.90977,0
2,24,24,100.00000,-1.38919,7.87846,0,True,90.00000,100.00000,0.00000,1640,False,2,254612,1234,-1.48095,5.07411,-1.48095,5.07411,0
2,24,24,100.00000,-1.38919,7.87846,0,True,90.00000,100.00000,0.00000,1640,False,2,254629,1251,-1.46244,5.17683,-1.46244,5.17683,0
2,24,24,100.00000,-1.38919,7.87846,0,True,90.00000,100.00000,0.00000,1640,False,2,254645,1267,-1.48095,5.32063,-1.48095,5.32063,0
2,24,24,100.00000,-1.38919,7.87846,0,True,90.00000,100.00000,0.00000,1640,False,2,254662,1284,-1.49946,5.56714,-1.49946,5.56714,0
2,24,24,100.00000,-1.38919,7.87846,0,True,90.00000,100.00000,0.00000,1640,False,2,254679,1301,-1.49946,5.75203,-1.49946,5.75203,0
2,24,24,100.00000,-1.38919,7.87846,0,True,90.00000,100.00000,0.00000,1640,False,2,254696,1318,-1.51798,5.87529,-1.51798,5.87529,0
2,24,24,100.00000,-1.38919,7.87846,0,True,90.00000,100.00000,0.00000,1640,False,2,254712,1334,-1.53649,6.01909,-1.53649,6.01909,0
2,24,24,100.00000,-1.38919,7.87846,0,True,90.00000,100.00000,0.00000,1640,False,2,254729,1351,-1.55500,6.16289,-1.55500,6.16289,0
2,24,24,100.00000,-1.38919,7.87846,0,True,90.00000,100.00000,0.00000,1640,False,2,254746,1368,-1.57351,6.30669,-1.57351,6.30669,0
2,24,24,100.00000,-1.38919,7.87846,0,True,90.00000,100.00000,0.00000,1640,False,2,254763,1385,-1.61054,6.47103,-1.61054,6.47103,0
2,24,24,100.00000,-1.38919,7.87846,0,True,90.00000,100.00000,0.00000,1640,False,2,254779,1401,-1.62905,6.59429,-1.62905,6.59429,0
2,24,24,100.00000,-1.38919,7.87846,0,True,90.00000,100.00000,0.00000,1640,False,2,254796,1418,-1.66607,6.73809,-1.66607,6.73809,0
2,24,24,100.00000,-1.38919,7.87846,0,True,90.00000,100.00000,0.00000,1640,False,2,254812,1434,-1.70310,6.82026,-1.70310,6.82026,0
2,24,24,100.00000,-1.38919,7.87846,0,True,90.00000,100.00000,0.00000,1640,False,2,254829,1451,-1.72161,6.88189,-1.72161,6.88189,0
2,24,24,100.00000,-1.38919,7.87846,0,True,90.00000,100.00000,0.00000,1640,False,2,254846,1468,-1.75863,6.94352,-1.75863,6.94352,0
2,24,24,100.00000,-1.38919,7.87846,0,True,90.00000,100.00000,0.00000,1640,False,2,254863,1485,-1.77714,6.98461,-1.77714,6.98461,0
2,24,24,100.00000,-1.38919,7.87846,0,True,90.00000,100.00000,0.00000,1640,False,2,254879,1501,-1.77714,7.02569,-1.77714,7.02569,0
2,24,24,100.00000,-1.38919,7.87846,0,True,90.00000,100.00000,0.00000,1640,False,2,254896,1518,-1.79565,7.08732,-1.79565,7.08732,0
2,24,24,100.00000,-1.38919,7.87846,0,True,90.00000,100.00000,0.00000,1640,False,2,254912,1534,-1.79565,7.12841,-1.79565,7.12841,0
2,24,24,100.00000,-1.38919,7.87846,0,True,90.00000,100.00000,0.00000,1640,False,2,254929,1551,-1.79565,7.16949,-1.79565,7.16949,0
2,24,24,100.00000,-1.38919,7.87846,0,True,90.00000,100.00000,0.00000,1640,False,2,254946,1568,-1.79565,7.19004,-1.79565,7.19004,0
2,24,24,100.00000,-1.38919,7.87846,0,True,90.00000,100.00000,0.00000,1640,False,2,254962,1584,-1.79565,7.23112,-1.79565,7.23112,0
2,24,24,100.00000,-1.38919,7.87846,0,True,90.00000,100.00000,0.00000,1640,False,2,254979,1601,-1.77714,7.27221,-1.77714,7.27221,0
2,24,24,100.00000,-1.38919,7.87846,0,True,90.00000,100.00000,0.00000,1640,False,2,254996,1618,-1.75863,7.33384,-1.75863,7.33384,0
2,24,24,100.00000,-1.38919,7.87846,0,True,90.00000,100.00000,0.00000,1640,False,2,255013,1635,-1.75863,7.37492,-1.75863,7.37492,0
2,24,24,100.00000,-1.38919,7.87846,0,True,90.00000,100.00000,0.00000,1640,False,2,255029,1651,-1.74012,7.39547,-1.74012,7.39547,0
2,24,24,100.00000,-1.38919,7.87846,0,True,90.00000,100.00000,0.00000,1640,False,2,255046,1668,-1.74012,7.41601,-1.74012,7.41601,0
2,24,24,100.00000,-1.38919,7.87846,0,True,90.00000,100.00000,0.00000,1640,False,2,255063,1685,-1.72161,7.43655,-1.72161,7.43655,0
2,24,24,100.00000,-1.38919,7.87846,0,True,90.00000,100.00000,0.00000,1640,False,2,255079,1701,-1.70310,7.47764,-1.70310,7.47764,0
2,24,24,100.00000,-1.38919,7.87846,0,True,90.00000,100.00000,0.00000,1640,False,2,255096,1718,-1.68458,7.51872,-1.68458,7.51872,0
2,24,24,100.00000,-1.38919,7.87846,0,True,90.00000,100.00000,0.00000,1640,False,2,255112,1734,-1.66607,7.55981,-1.66607,7.55981,0
2,24,24,100.00000,-1.38919,7.87846,0,True,90.00000,100.00000,0.00000,1640,False,2,255129,1751,-1.66607,7.58035,-1.66607,7.58035,0
2,24,24,100.00000,-1.38919,7.87846,0,True,90.00000,100.00000,0.00000,1640,False,2,255146,1768,-1.64756,7.58035,-1.64756,7.58035,0
2,24,24,100.00000,-1.38919,7.87846,0,True,90.00000,100.00000,0.00000,1640,False,2,255163,1785,-1.64756,7.58035,-1.64756,7.58035,0
2,24,24,100.00000,-1.38919,7.87846,0,True,90.00000,100.00000,0.00000,1640,False,2,255179,1801,-1.64756,7.58035,-1.64756,7.58035,0
2,24,24,100.00000,-1.38919,7.87846,0,True,90.00000,100.00000,0.00000,1640,False,2,255196,1818,-1.64756,7.60090,-1.64756,7.60090,0
2,24,24,100.00000,-1.38919,7.87846,0,True,90.00000,100.00000,0.00000,1640,False,2,255213,1835,-1.61054,7.64198,-1.61054,7.64198,0
2,24,24,100.00000,-1.38919,7.87846,0,True,90.00000,100.00000,0.00000,1640,False,2,255229,1851,-1.59202,7.66252,-1.59202,7.66252,0
2,24,24,100.00000,-1.38919,7.87846,0,True,90.00000,100.00000,0.00000,1640,False,2,255246,1868,-1.59202,7.66252,-1.59202,7.66252,0
2,24,24,100.00000,-1.38919,7.87846,0,True,90.00000,100.00000,0.00000,1640,False,2,255263,1885,-1.59202,7.68307,-1.59202,7.68307,0
2,24,24,100.00000,-1.38919,7.87846,0,True,90.00000,100.00000,0.00000,1640,False,2,255280,1902,-1.57351,7.68307,-1.57351,7.68307,0
2,24,24,100.00000,-1.38919,7.87846,0,True,90.00000,100.00000,0.00000,1640,False,2,255296,1918,-1.57351,7.70361,-1.57351,7.70361,0
2,24,24,100.00000,-1.38919,7.87846,0,True,90.00000,100.00000,0.00000,1640,False,2,255313,1935,-1.57351,7.72415,-1.57351,7.72415,0
2,24,24,100.00000,-1.38919,7.87846,0,True,90.00000,100.00000,0.00000,1640,False,3,255329,1951,-1.57351,7.72415,-1.57351,7.72415,0
2,24,24,100.00000,-1.38919,7.87846,0,True,90.00000,100.00000,0.00000,1640,False,3,255346,1968,-1.57351,7.74470,-1.57351,7.74470,0
2,24,24,100.00000,-1.38919,7.87846,0,True,90.00000,100.00000,0.00000,1640,False,3,255363,1985,-1.57351,7.74470,-1.57351,7.74470,0
2,24,24,100.00000,-1.38919,7.87846,0,True,90.00000,100.00000,0.00000,1640,False,3,255379,2001,-1.55500,7.74470,-1.55500,7.74470,0
2,24,24,100.00000,-1.38919,7.87846,0,True,90.00000,100.00000,0.00000,1640,False,3,255396,2018,-1.53649,7.78578,-1.53649,7.78578,0
2,24,24,100.00000,-1.38919,7.87846,0,True,90.00000,100.00000,0.00000,1640,False,3,255413,2035,-1.49946,7.82687,-1.49946,7.82687,0
2,24,24,100.00000,-1.38919,7.87846,0,True,90.00000,100.00000,0.00000,1640,False,3,255430,2052,-1.48095,7.84741,-1.48095,7.84741,0
2,24,24,100.00000,-1.38919,7.87846,0,True,90.00000,100.00000,0.00000,1640,False,3,255446,2068,-1.48095,7.84741,-1.48095,7.84741,0
2,24,24,100.00000,-1.38919,7.87846,0,True,90.00000,100.00000,0.00000,1640,False,3,255463,2085,-1.48095,7.84741,-1.48095,7.84741,0
2,24,24,100.00000,-1.38919,7.87846,0,True,90.00000,100.00000,0.00000,1640,False,3,255480,2102,-1.48095,7.82687,-1.48095,7.82687,0
2,24,24,100.00000,-1.38919,7.87846,0,True,90.00000,100.00000,0.00000,1640,False,3,255496,2118,-1.48095,7.82687,-1.48095,7.82687,0
2,24,24,100.00000,-1.38919,7.87846,0,True,90.00000,100.00000,0.00000,1640,False,3,255513,2135,-1.48095,7.82687,-1.48095,7.82687,0
2,24,24,100.00000,-1.38919,7.87846,0,True,90.00000,100.00000,0.00000,1640,False,3,255530,2152,-1.48095,7.82687,-1.48095,7.82687,0
2,24,24,100.00000,-1.38919,7.87846,0,True,90.00000,100.00000,0.00000,1640,False,3,255546,2168,-1.48095,7.82687,-1.48095,7.82687,0
2,24,24,100.00000,-1.38919,7.87846,0,True,90.00000,100.00000,0.00000,1640,False,3,255563,2185,-1.48095,7.82687,-1.48095,7.82687,0
2,24,24,100.00000,-1.38919,7.87846,0,True,90.00000,100.00000,0.00000,1640,False,3,255580,2202,-1.49946,7.80633,-1.49946,7.80633,0
2,24,24,100.00000,-1.38919,7.87846,0,True,90.00000,100.00000,0.00000,1640,False,3,255596,2218,-1.49946,7.74470,-1.49946,7.74470,0
2,24,24,100.00000,-1.38919,7.87846,0,True,90.00000,100.00000,0.00000,1640,False,3,255613,2235,-1.48095,7.68307,-1.48095,7.68307,0
2,24,24,100.00000,-1.38919,7.87846,0,True,90.00000,100.00000,0.00000,1640,False,3,255630,2252,-1.44393,7.58035,-1.44393,7.58035,0
2,24,24,100.00000,-1.38919,7.87846,0,True,90.00000,100.00000,0.00000,1640,False,3,255646,2268,-1.42542,7.47764,-1.42542,7.47764,0
2,24,24,100.00000,-1.38919,7.87846,0,True,90.00000,100.00000,0.00000,1640,False,3,255663,2285,-1.40690,7.37492,-1.40690,7.37492,0
2,24,24,100.00000,-1.38919,7.87846,0,True,90.00000,100.00000,0.00000,1640,False,3,255680,2302,-1.36988,7.25167,-1.36988,7.25167,0
2,24,24,100.00000,-1.38919,7.87846,0,True,90.00000,100.00000,0.00000,1640,False,3,255696,2318,-1.35137,7.16949,-1.35137,7.16949,0
2,24,24,100.00000,-1.38919,7.87846,0,True,90.00000,100.00000,0.00000,1640,False,3,255713,2335,-1.35137,7.04624,-1.35137,7.04624,0
2,24,24,100.00000,-1.38919,7.87846,0,True,90.00000,100.00000,0.00000,1640,False,3,255730,2352,-1.33286,6.96406,-1.33286,6.96406,0
2,24,24,100.00000,-1.38919,7.87846,0,True,90.00000,100.00000,0.00000,1640,False,3,255746,2368,-1.33286,6.86135,-1.33286,6.86135,0
2,24,24,100.00000,-1.38919,7.87846,0,True,90.00000,100.00000,0.00000,1640,False,3,255763,2385,-1.33286,6.75864,-1.33286,6.75864,0
2,24,24,100.00000,-1.38919,7.87846,0,True,90.00000,100.00000,0.00000,1640,False,3,255780,2402,-1.33286,6.61483,-1.33286,6.61483,0
2,24,24,100.00000,-1.38919,7.87846,0,True,90.00000,100.00000,0.00000,1640,False,3,255797,2419,-1.33286,6.53266,-1.33286,6.53266,0
2,24,24,100.00000,-1.38919,7.87846,0,True,90.00000,100.00000,0.00000,1640,False,3,255813,2435,-1.31435,6.42995,-1.31435,6.42995,0
2,24,24,100.00000,-1.38919,7.87846,0,True,90.00000,100.00000,0.00000,1640,False,3,255830,2452,-1.29583,6.34778,-1.29583,6.34778,0
2,24,24,100.00000,-1.38919,7.87846,0,True,90.00000,100.00000,0.00000,1640,False,3,255847,2469,-1.29583,6.26560,-1.29583,6.26560,0
2,24,24,100.00000,-1.38919,7.87846,0,True,90.00000,100.00000,0.00000,1640,False,3,255863,2485,-1.27732,6.14235,-1.27732,6.14235,0
2,24,24,100.00000,-1.38919,7.87846,0,True,90.00000,100.00000,0.00000,1640,False,3,255880,2502,-1.27732,6.03963,-1.27732,6.03963,0
2,24,24,100.00000,-1.38919,7.87846,0,True,90.00000,100.00000,0.00000,1640,False,3,255897,2519,-1.27732,5.87529,-1.27732,5.87529,0
2,24,24,100.00000,-1.38919,7.87846,0,True,90.00000,100.00000,0.00000,1640,False,3,255913,2535,-1.25881,5.75203,-1.25881,5.75203,0
2,24,24,100.00000,-1.38919,7.87846,0,True,90.00000,100.00000,0.00000,1640,False,3,255930,2552,-1.24030,5.60823,-1.24030,5.60823,0
2,24,24,100.00000,-1.38919,7.87846,0,True,90.00000,100.00000,0.00000,1640,False,3,255947,2569,-1.22179,5.46443,-1.22179,5.46443,0
2,24,24,100.00000,-1.38919,7.87846,0,True,90.00000,100.00000,0.00000,1640,False,3,255963,2585,-1.18476,5.27954,-1.18476,5.27954,0
2,24,24,100.00000,-1.38919,7.87846,0,True,90.00000,100.00000,0.00000,1640,False,3,255980,2602,-1.16625,5.13574,-1.16625,5.13574,0
2,24,24,100.00000,-1.38919,7.87846,0,True,90.00000,100.00000,0.00000,1640,False,3,255997,2619,-1.14774,4.95085,-1.14774,4.95085,0
2,24,24,100.00000,-1.38919,7.87846,0,True,90.00000,100.00000,0.00000,1640,False,3,256013,2635,-1.09220,4.68380,-1.09220,4.68380,0
2,24,24,100.00000,-1.38919,7.87846,0,True,90.00000,100.00000,0.00000,1640,False,3,256030,2652,-1.07369,4.56054,-1.07369,4.56054,0
2,24,24,100.00000,-1.38919,7.87846,0,True,90.00000,100.00000,0.00000,1640,False,3,256047,2669,-1.05518,4.41674,-1.05518,4.41674,0
2,24,24,100.00000,-1.38919,7.87846,0,True,90.00000,100.00000,0.00000,1640,False,3,256063,2685,-0.99964,4.27294,-0.99964,4.27294,0
2,24,24,100.00000,-1.38919,7.87846,0,True,90.00000,100.00000,0.00000,1640,False,3,256080,2702,-0.96262,4.08805,-0.96262,4.08805,0
2,24,24,100.00000,-1.38919,7.87846,0,True,90.00000,100.00000,0.00000,1640,False,3,256097,2719,-0.92560,3.77990,-0.92560,3.77990,0
2,24,24,100.00000,-1.38919,7.87846,0,True,90.00000,100.00000,0.00000,1640,False,3,256113,2735,-0.90708,3.57448,-0.90708,3.57448,0
2,24,24,100.00000,-1.38919,7.87846,0,True,90.00000,100.00000,0.00000,1640,False,3,256130,2752,-0.87006,3.34850,-0.87006,3.34850,0
2,24,24,100.00000,-1.38919,7.87846,0,True,90.00000,100.00000,0.00000,1640,False,3,256147,2769,-0.83304,3.24579,-0.83304,3.24579,0
2,24,24,100.00000,-1.38919,7.87846,0,True,90.00000,100.00000,0.00000,1640,False,3,256163,2785,-0.79601,3.14307,-0.79601,3.14307,0
2,24,24,100.00000,-1.38919,7.87846,0,True,90.00000,100.00000,0.00000,1640,False,3,256180,2802,-0.75899,2.99927,-0.75899,2.99927,0
2,24,24,100.00000,-1.38919,7.87846,0,True,90.00000,100.00000,0.00000,1640,False,3,256197,2819,-0.70345,2.81439,-0.70345,2.81439,0
2,24,24,100.00000,-1.38919,7.87846,0,True,90.00000,100.00000,0.00000,1640,False,3,256213,2835,-0.68494,2.58841,-0.68494,2.58841,0
2,24,24,100.00000,-1.38919,7.87846,0,True,90.00000,100.00000,0.00000,1640,False,3,256230,2852,-0.64792,2.44461,-0.64792,2.44461,0
2,24,24,100.00000,-1.38919,7.87846,0,True,90.00000,100.00000,0.00000,1640,False,3,256247,2869,-0.62940,2.34190,-0.62940,2.34190,0
2,24,24,100.00000,-1.38919,7.87846,0,True,90.00000,100.00000,0.00000,1640,False,3,256264,2886,-0.59238,2.23918,-0.59238,2.23918,0
2,24,24,100.00000,-1.38919,7.87846,0,True,90.00000,100.00000,0.00000,1640,False,3,256280,2902,-0.55536,2.09538,-0.55536,2.09538,0
2,24,24,100.00000,-1.38919,7.87846,0,True,90.00000,100.00000,0.00000,1640,False,3,256297,2919,-0.53685,1.99267,-0.53685,1.99267,0
2,24,24,100.00000,-1.38919,7.87846,0,True,90.00000,100.00000,0.00000,1640,False,3,256313,2935,-0.51833,1.86941,-0.51833,1.86941,0
2,24,24,100.00000,-1.38919,7.87846,0,True,90.00000,100.00000,0.00000,1640,False,3,256330,2952,-0.49982,1.74615,-0.49982,1.74615,0
2,24,24,100.00000,-1.38919,7.87846,0,True,90.00000,100.00000,0.00000,1640,False,3,256347,2969,-0.48131,1.60235,-0.48131,1.60235,0
2,24,24,100.00000,-1.38919,7.87846,0,True,90.00000,100.00000,0.00000,1640,False,3,256364,2986,-0.46280,1.49964,-0.46280,1.49964,0
2,24,24,100.00000,-1.38919,7.87846,0,True,90.00000,100.00000,0.00000,1640,False,3,256380,3002,-0.42577,1.39692,-0.42577,1.39692,0
2,24,24,100.00000,-1.38919,7.87846,0,True,90.00000,100.00000,0.00000,1640,False,3,256397,3019,-0.40726,1.29421,-0.40726,1.29421,0
2,24,24,100.00000,-1.38919,7.87846,0,True,90.00000,100.00000,0.00000,1640,False,3,256414,3036,-0.38875,1.19149,-0.38875,1.19149,0
2,24,24,100.00000,-1.38919,7.87846,0,True,90.00000,100.00000,0.00000,1640,False,3,256430,3052,-0.38875,1.04769,-0.38875,1.04769,0
2,24,24,100.00000,-1.38919,7.87846,0,True,90.00000,100.00000,0.00000,1640,False,3,256447,3069,-0.37024,0.96552,-0.37024,0.96552,0
2,24,24,100.00000,-1.38919,7.87846,0,True,90.00000,100.00000,0.00000,1640,False,3,256464,3086,-0.35173,0.82172,-0.35173,0.82172,0
2,24,24,100.00000,-1.38919,7.87846,0,True,90.00000,100.00000,0.00000,1640,False,3,256480,3102,-0.33321,0.73955,-0.33321,0.73955,0
2,24,24,100.00000,-1.38919,7.87846,0,True,90.00000,100.00000,0.00000,1640,False,3,256497,3119,-0.31470,0.63683,-0.31470,0.63683,0
2,24,24,100.00000,-1.38919,7.87846,0,True,90.00000,100.00000,0.00000,1640,False,3,256513,3135,-0.31470,0.55466,-0.31470,0.55466,0
2,24,24,100.00000,-1.38919,7.87846,0,True,90.00000,100.00000,0.00000,1640,False,3,256530,3152,-0.29619,0.49303,-0.29619,0.49303,0
2,24,24,100.00000,-1.38919,7.87846,0,True,90.00000,100.00000,0.00000,1640,False,3,256547,3169,-0.29619,0.39032,-0.29619,0.39032,0
2,24,24,100.00000,-1.38919,7.87846,0,True,90.00000,100.00000,0.00000,1640,False,3,256564,3186,-0.27768,0.34923,-0.27768,0.34923,0
2,24,24,100.00000,-1.38919,7.87846,0,True,90.00000,100.00000,0.00000,1640,False,3,256580,3202,-0.27768,0.32869,-0.27768,0.32869,0
2,24,24,100.00000,-1.38919,7.87846,0,True,90.00000,100.00000,0.00000,1640,False,3,256597,3219,-0.27768,0.32869,-0.27768,0.32869,0
2,24,24,100.00000,-1.38919,7.87846,0,True,90.00000,100.00000,0.00000,1640,False,3,256614,3236,-0.27768,0.32869,-0.27768,0.32869,0
2,24,24,100.00000,-1.38919,7.87846,0,True,90.00000,100.00000,0.00000,1640,False,3,256630,3252,-0.27768,0.32869,-0.27768,0.32869,0
2,24,24,100.00000,-1.38919,7.87846,0,True,90.00000,100.00000,0.00000,1640,False,3,256647,3269,-0.27768,0.32869,-0.27768,0.32869,0
2,24,24,100.00000,-1.38919,7.87846,0,True,90.00000,100.00000,0.00000,1640,False,3,256664,3286,-0.25917,0.30814,-0.25917,0.30814,0
2,24,24,100.00000,-1.38919,7.87846,0,True,90.00000,100.00000,0.00000,1640,False,3,256680,3302,-0.25917,0.30814,-0.25917,0.30814,0
2,24,24,100.00000,-1.38919,7.87846,0,True,90.00000,100.00000,0.00000,1640,False,3,256697,3319,-0.25917,0.30814,-0.25917,0.30814,0
2,24,24,100.00000,-1.38919,7.87846,0,True,90.00000,100.00000,0.00000,1640,False,3,256714,3336,-0.25917,0.30814,-0.25917,0.30814,0
2,24,24,100.00000,-1.38919,7.87846,0,True,90.00000,100.00000,0.00000,1640,False,3,256730,3352,-0.25917,0.30814,-0.25917,0.30814,0
2,24,24,100.00000,-1.38919,7.87846,0,True,90.00000,100.00000,0.00000,1640,False,3,256747,3369,-0.25917,0.28760,-0.25917,0.28760,0
2,24,24,100.00000,-1.38919,7.87846,0,True,90.00000,100.00000,0.00000,1640,False,3,256764,3386,-0.24065,0.28760,-0.24065,0.28760,0
2,24,24,100.00000,-1.38919,7.87846,0,True,90.00000,100.00000,0.00000,1640,False,3,256781,3403,-0.24065,0.26706,-0.24065,0.26706,0
2,24,24,100.00000,-1.38919,7.87846,0,True,90.00000,100.00000,0.00000,1640,False,3,256797,3419,-0.22214,0.22597,-0.22214,0.22597,0
2,24,24,100.00000,-1.38919,7.87846,0,True,90.00000,100.00000,0.00000,1640,False,3,256814,3436,-0.20363,0.22597,-0.20363,0.22597,0
2,24,24,100.00000,-1.38919,7.87846,0,True,90.00000,100.00000,0.00000,1640,False,3,256831,3453,-0.18512,0.20543,-0.18512,0.20543,0
2,24,24,100.00000,-1.38919,7.87846,0,True,90.00000,100.00000,0.00000,1640,False,3,256847,3469,-0.16661,0.18489,-0.16661,0.18489,0
