task_idx,trial_idx,cutrial_no,targetangle_deg,targetx_cm,targety_cm,rotation_deg,doaiming_bool,aimstart_deg,aim_deg,aimdeviation_deg,aimtime_ms,zeroclamped_bool,phase,cutime_ms,time_ms,mousex_cm,mousey_cm,cursorx_cm,cursory_cm,deviation_bool
10,5,237,20.00000,7.51754,2.73616,-50,True,10.00000,19.75000,-0.25000,1770,False,0,1646270,0,-0.18512,-0.02054,-0.13473,0.12860,0
10,5,237,20.00000,7.51754,2.73616,-50,True,10.00000,19.75000,-0.25000,1770,False,1,1646287,17,-0.18512,-0.02054,-0.13473,0.12860,0
10,5,237,20.00000,7.51754,2.73616,-50,True,10.00000,19.75000,-0.25000,1770,False,1,1646303,33,-0.18512,-0.02054,-0.13473,0.12860,0
10,5,237,20.00000,7.51754,2.73616,-50,True,10.00000,19.75000,-0.25000,1770,False,1,1646320,50,-0.18512,-0.02054,-0.13473,0.12860,0
10,5,237,20.00000,7.51754,2.73616,-50,True,10.00000,19.75000,-0.25000,1770,False,1,1646337,67,-0.18512,-0.02054,-0.13473,0.12860,0
10,5,237,20.00000,7.51754,2.73616,-50,True,10.00000,19.75000,-0.25000,1770,False,1,1646353,83,-0.18512,-0.02054,-0.13473,0.12860,0
10,5,237,20.00000,7.51754,2.73616,-50,True,10.00000,19.75000,-0.25000,1770,False,1,1646370,100,-0.18512,-0.02054,-0.13473,0.12860,0
10,5,237,20.00000,7.51754,2.73616,-50,True,10.00000,19.75000,-0.25000,1770,False,1,1646387,117,-0.18512,-0.02054,-0.13473,0.12860,0
10,5,237,20.00000,7.51754,2.73616,-50,True,10.00000,19.75000,-0.25000,1770,False,1,1646403,133,-0.18512,-0.02054,-0.13473,0.12860,0
10,5,237,20.00000,7.51754,2.73616,-50,True,10.00000,19.75000,-0.25000,1770,False,1,1646420,150,-0.18512,-0.02054,-0.13473,0.12860,0
10,5,237,20.00000,7.51754,2.73616,-50,True,10.00000,19.75000,-0.25000,1770,False,1,1646437,167,-0.18512,-0.02054,-0.13473,0.12860,0
10,5,237,20.00000,7.51754,2.73616,-50,True,10.00000,19.75000,-0.25000,1770,False,1,1646454,184,-0.18512,-0.02054,-0.13473,0.12860,0
10,5,237,20.00000,7.51754,2.73616,-50,True,10.00000,19.75000,-0.25000,1770,False,1,1646470,200,-0.18512,-0.02054,-0.13473,0.12860,0
10,5,237,20.00000,7.51754,2.73616,-50,True,10.00000,19.75000,-0.25000,1770,False,1,1646487,217,-0.18512,-0.02054,-0.13473,0.12860,0
10,5,237,20.00000,7.51754,2.73616,-50,True,10.00000,19.75000,-0.25000,1770,False,1,1646503,233,-0.18512,-0.02054,-0.13473,0.12860,0
10,5,237,20.00000,7.51754,2.73616,-50,True,10.00000,19.75000,-0.25000,1770,False,1,1646520,250,-0.18512,-0.02054,-0.13473,0.12860,0
10,5,237,20.00000,7.51754,2.73616,-50,True,10.00000,19.75000,-0.25000,1770,False,1,1646537,267,-0.18512,-0.02054,-0.13473,0.12860,0
10,5,237,20.00000,7.51754,2.73616,-50,True,10.00000,19.75000,-0.25000,1770,False,1,1646553,283,-0.18512,-0.02054,-0.13473,0.12860,0
10,5,237,20.00000,7.51754,2.73616,-50,True,10.00000,19.75000,-0.25000,1770,False,1,1646570,300,-0.18512,-0.02054,-0.13473,0.12860,0
10,5,237,20.00000,7.51754,2.73616,-50,True,10.00000,19.75000,-0.25000,1770,False,1,1646587,317,-0.18512,-0.02054,-0.13473,0.12860,0
10,5,237,20.00000,7.51754,2.73616,-50,True,10.00000,19.75000,-0.25000,1770,False,1,1646603,333,-0.18512,-0.02054,-0.13473,0.12860,0
10,5,237,20.00000,7.51754,2.73616,-50,True,10.00000,19.75000,-0.25000,1770,False,1,1646620,350,-0.18512,-0.02054,-0.13473,0.12860,0
10,5,237,20.00000,7.51754,2.73616,-50,True,10.00000,19.75000,-0.25000,1770,False,2,1646637,367,-0.18512,-0.02054,-0.13473,0.12860,0
10,5,237,20.00000,7.51754,2.73616,-50,True,10.00000,19.75000,-0.25000,1770,False,2,1646653,383,-0.18512,-0.02054,-0.13473,0.12860,0
10,5,237,20.00000,7.51754,2.73616,-50,True,10.00000,19.75000,-0.25000,1770,False,2,1646670,400,-0.18512,-0.02054,-0.13473,0.12860,0
10,5,237,20.00000,7.51754,2.73616,-50,True,10.00000,19.75000,-0.25000,1770,False,2,1646687,417,-0.18512,-0.02054,-0.13473,0.12860,0
10,5,237,20.00000,7.51754,2.73616,-50,True,10.00000,19.75000,-0.25000,1770,False,2,1646703,433,-0.18512,-0.02054,-0.13473,0.12860,0
10,5,237,20.00000,7.51754,2.73616,-50,True,10.00000,19.75000,-0.25000,1770,False,2,1646720,450,-0.18512,-0.02054,-0.13473,0.12860,0
10,5,237,20.00000,7.51754,2.73616,-50,True,10.00000,19.75000,-0.25000,1770,False,2,1646737,467,-0.18512,-0.02054,-0.13473,0.12860,0
10,5,237,20.00000,7.51754,2.73616,-50,True,10.00000,19.75000,-0.25000,1770,False,2,1646754,484,-0.18512,-0.02054,-0.13473,0.12860,0
10,5,237,20.00000,7.51754,2.73616,-50,True,10.00000,19.75000,-0.25000,1770,False,2,1646770,500,-0.18512,-0.02054,-0.13473,0.12860,0
10,5,237,20.00000,7.51754,2.73616,-50,True,10.00000,19.75000,-0.25000,1770,False,2,1646787,517,-0.18512,0.00000,-0.11899,0.14181,0
10,5,237,20.00000,7.51754,2.73616,-50,True,10.00000,19.75000,-0.25000,1770,False,2,1646804,534,-0.16661,0.00000,-0.10709,0.12763,0
10,5,237,20.00000,7.51754,2.73616,-50,True,10.00000,19.75000,-0.25000,1770,False,2,1646820,550,-0.16661,0.00000,-0.10709,0.12763,0
10,5,237,20.00000,7.51754,2.73616,-50,True,10.00000,19.75000,-0.25000,1770,False,2,1646837,567,-0.16661,0.00000,-0.10709,0.12763,0
10,5,237,20.00000,7.51754,2.73616,-50,True,10.00000,19.75000,-0.25000,1770,False,2,1646854,584,-0.14810,0.02054,-0.07946,0.12665,0
10,5,237,20.00000,7.51754,2.73616,-50,True,10.00000,19.75000,-0.25000,1770,False,2,1646870,600,-0.14810,0.02054,-0.07946,0.12665,0
10,5,237,20.00000,7.51754,2.73616,-50,True,10.00000,19.75000,-0.25000,1770,False,2,1646887,617,-0.12958,0.02054,-0.06756,0.11247,0
10,5,237,20.00000,7.51754,2.73616,-50,True,10.00000,19.75000,-0.25000,1770,False,2,1646904,634,-0.12958,0.02054,-0.06756,0.11247,0
10,5,237,20.00000,7.51754,2.73616,-50,True,10.00000,19.75000,-0.25000,1770,False,2,1646920,650,-0.11107,0.02054,-0.05566,0.09829,0
10,5,237,20.00000,7.51754,2.73616,-50,True,10.00000,19.75000,-0.25000,1770,False,2,1646937,667,-0.09256,0.02054,-0.04376,0.08411,0
10,5,237,20.00000,7.51754,2.73616,-50,True,10.00000,19.75000,-0.25000,1770,False,2,1646954,684,-0.07405,0.04109,-0.01612,0.08313,0
10,5,237,20.00000,7.51754,2.73616,-50,True,10.00000,19.75000,-0.25000,1770,False,2,1646971,701,-0.05554,0.04109,-0.00422,0.06895,0
10,5,237,20.00000,7.51754,2.73616,-50,True,10.00000,19.75000,-0.25000,1770,False,2,1646987,717,-0.01851,0.06163,0.03531,0.05380,0
10,5,237,20.00000,7.51754,2.73616,-50,True,10.00000,19.75000,-0.25000,1770,False,2,1647004,734,0.03702,0.10271,0.10248,0.03766,0
10,5,237,20.00000,7.51754,2.73616,-50,True,10.00000,19.75000,-0.25000,1770,False,2,1647021,751,0.09256,0.12326,0.15392,0.00832,0
10,5,237,20.00000,7.51754,2.73616,-50,True,10.00000,19.75000,-0.25000,1770,False,2,1647037,767,0.16661,0.16434,0.23299,-0.02199,0
10,5,237,20.00000,7.51754,2.73616,-50,True,10.00000,19.75000,-0.25000,1770,False,2,1647054,784,0.24065,0.20543,0.31206,-0.05230,0
10,5,237,20.00000,7.51754,2.73616,-50,True,10.00000,19.75000,-0.25000,1770,False,2,1647070,800,0.33321,0.24652,0.40303,-0.09680,0
10,5,237,20.00000,7.51754,2.73616,-50,True,10.00000,19.75000,-0.25000,1770,False,2,1647087,817,0.42577,0.28760,0.49400,-0.14129,0
10,5,237,20.00000,7.51754,2.73616,-50,True,10.00000,19.75000,-0.25000,1770,False,2,1647104,834,0.57387,0.34923,0.63640,-0.21513,0
10,5,237,20.00000,7.51754,2.73616,-50,True,10.00000,19.75000,-0.25000,1770,False,2,1647121,851,0.72196,0.41086,0.77881,-0.28896,0
10,5,237,20.00000,7.51754,2.73616,-50,True,10.00000,19.75000,-0.25000,1770,False,2,1647137,867,0.85155,0.45195,0.89357,-0.36182,0
10,5,237,20.00000,7.51754,2.73616,-50,True,10.00000,19.75000,-0.25000,1770,False,2,1647154,884,0.98113,0.49303,1.00834,-0.43468,0
10,5,237,20.00000,7.51754,2.73616,-50,True,10.00000,19.75000,-0.25000,1770,False,2,1647170,900,1.11071,0.55466,1.13885,-0.49433,0
10,5,237,20.00000,7.51754,2.73616,-50,True,10.00000,19.75000,-0.25000,1770,False,2,1647187,917,1.29583,0.63683,1.32079,-0.58332,0
10,5,237,20.00000,7.51754,2.73616,-50,True,10.00000,19.75000,-0.25000,1770,False,2,1647204,934,1.42542,0.69846,1.45129,-0.64297,0
10,5,237,20.00000,7.51754,2.73616,-50,True,10.00000,19.75000,-0.25000,1770,False,2,1647221,951,1.57351,0.76009,1.59370,-0.71680,0
10,5,237,20.00000,7.51754,2.73616,-50,True,10.00000,19.75000,-0.25000,1770,False,2,1647237,967,1.75863,0.86280,1.79137,-0.79259,0
10,5,237,20.00000,7.51754,2.73616,-50,True,10.00000,19.75000,-0.25000,1770,False,2,1647254,984,1.88821,0.92443,1.92188,-0.85224,1
10,5,237,20.00000,7.51754,2.73616,-50,True,10.00000,19.75000,-0.25000,1770,False,2,1647271,1001,2.07333,1.02715,2.11955,-0.92803,0
10,5,237,20.00000,7.51754,2.73616,-50,True,10.00000,19.75000,-0.25000,1770,False,2,1647287,1017,2.18440,1.10932,2.25390,-0.96029,0
10,5,237,20.00000,7.51754,2.73616,-50,True,10.00000,19.75000,-0.25000,1770,False,2,1647304,1034,2.29548,1.21203,2.40398,-0.97936,0
10,5,237,20.00000,7.51754,2.73616,-50,True,10.00000,19.75000,-0.25000,1770,False,2,1647321,1051,2.38804,1.29421,2.52642,-0.99744,0
10,5,237,20.00000,7.51754,2.73616,-50,True,10.00000,19.75000,-0.25000,1770,False,2,1647337,1067,2.49911,1.41746,2.69224,-1.00330,0
10,5,237,20.00000,7.51754,2.73616,-50,True,10.00000,19.75000,-0.25000,1770,False,2,1647354,1084,2.57315,1.54072,2.83425,-0.98079,0
10,5,237,20.00000,7.51754,2.73616,-50,True,10.00000,19.75000,-0.25000,1770,False,2,1647371,1101,2.62869,1.64344,2.94864,-0.95731,0
10,5,237,20.00000,7.51754,2.73616,-50,True,10.00000,19.75000,-0.25000,1770,False,2,1647387,1117,2.64720,1.74615,3.03922,-0.90547,0
10,5,237,20.00000,7.51754,2.73616,-50,True,10.00000,19.75000,-0.25000,1770,False,2,1647404,1134,2.68423,1.84887,3.14170,-0.86781,0
10,5,237,20.00000,7.51754,2.73616,-50,True,10.00000,19.75000,-0.25000,1770,False,2,1647421,1151,2.68423,1.97212,3.23612,-0.78858,0
10,5,237,20.00000,7.51754,2.73616,-50,True,10.00000,19.75000,-0.25000,1770,False,2,1647438,1168,2.68423,2.05430,3.29907,-0.73576,0
10,5,237,20.00000,7.51754,2.73616,-50,True,10.00000,19.75000,-0.25000,1770,False,2,1647454,1184,2.68423,2.15701,3.37775,-0.66974,0
10,5,237,20.00000,7.51754,2.73616,-50,True,10.00000,19.75000,-0.25000,1770,False,2,1647471,1201,2.66571,2.19810,3.39733,-0.62915,0
10,5,237,20.00000,7.51754,2.73616,-50,True,10.00000,19.75000,-0.25000,1770,False,2,1647487,1217,2.64720,2.23918,3.41690,-0.58856,0
10,5,237,20.00000,7.51754,2.73616,-50,True,10.00000,19.75000,-0.25000,1770,False,2,1647504,1234,2.62869,2.25973,3.42074,-0.56117,0
10,5,237,20.00000,7.51754,2.73616,-50,True,10.00000,19.75000,-0.25000,1770,False,2,1647521,1251,2.61018,2.25973,3.40884,-0.54699,0
10,5,237,20.00000,7.51754,2.73616,-50,True,10.00000,19.75000,-0.25000,1770,False,2,1647537,1267,2.57315,2.23918,3.36931,-0.53183,0
10,5,237,20.00000,7.51754,2.73616,-50,True,10.00000,19.75000,-0.25000,1770,False,2,1647554,1284,2.53613,2.19810,3.31403,-0.52988,0
10,5,237,20.00000,7.51754,2.73616,-50,True,10.00000,19.75000,-0.25000,1770,False,2,1647571,1301,2.46208,2.11593,3.20349,-0.52597,0
10,5,237,20.00000,7.51754,2.73616,-50,True,10.00000,19.75000,-0.25000,1770,False,2,1647587,1317,2.40655,2.01321,3.08911,-0.54946,0
10,5,237,20.00000,7.51754,2.73616,-50,True,10.00000,19.75000,-0.25000,1770,False,2,1647604,1334,2.33250,1.84887,2.91562,-0.59837,0
10,5,237,20.00000,7.51754,2.73616,-50,True,10.00000,19.75000,-0.25000,1770,False,2,1647621,1351,2.27696,1.72561,2.78550,-0.63506,0
10,5,237,20.00000,7.51754,2.73616,-50,True,10.00000,19.75000,-0.25000,1770,False,2,1647637,1367,2.18440,1.58181,2.61584,-0.65658,0
10,5,237,20.00000,7.51754,2.73616,-50,True,10.00000,19.75000,-0.25000,1770,False,2,1647654,1384,2.09185,1.43801,2.44619,-0.67811,0
10,5,237,20.00000,7.51754,2.73616,-50,True,10.00000,19.75000,-0.25000,1770,False,2,1647671,1401,1.94375,1.23258,2.19363,-0.69671,0
10,5,237,20.00000,7.51754,2.73616,-50,True,10.00000,19.75000,-0.25000,1770,False,2,1647688,1418,1.77714,1.04769,1.94490,-0.68793,0
10,5,237,20.00000,7.51754,2.73616,-50,True,10.00000,19.75000,-0.25000,1770,False,2,1647704,1434,1.64756,0.90389,1.75145,-0.68109,0
10,5,237,20.00000,7.51754,2.73616,-50,True,10.00000,19.75000,-0.25000,1770,False,2,1647721,1451,1.49946,0.78063,1.56184,-0.64688,0
10,5,237,20.00000,7.51754,2.73616,-50,True,10.00000,19.75000,-0.25000,1770,False,2,1647738,1468,1.33286,0.65737,1.36032,-0.59848,0
10,5,237,20.00000,7.51754,2.73616,-50,True,10.00000,19.75000,-0.25000,1770,False,2,1647754,1484,1.05518,0.47249,1.04020,-0.50460,0
10,5,237,20.00000,7.51754,2.73616,-50,True,10.00000,19.75000,-0.25000,1770,False,2,1647771,1501,0.94411,0.41086,0.92160,-0.45913,0
10,5,237,20.00000,7.51754,2.73616,-50,True,10.00000,19.75000,-0.25000,1770,False,2,1647788,1518,0.79601,0.32869,0.76346,-0.39850,0
10,5,237,20.00000,7.51754,2.73616,-50,True,10.00000,19.75000,-0.25000,1770,False,2,1647804,1534,0.64792,0.28760,0.63679,-0.31147,0
10,5,237,20.00000,7.51754,2.73616,-50,True,10.00000,19.75000,-0.25000,1770,False,2,1647821,1551,0.53685,0.24652,0.53392,-0.25279,0
10,5,237,20.00000,7.51754,2.73616,-50,True,10.00000,19.75000,-0.25000,1770,False,2,1647838,1568,0.38875,0.20543,0.40725,-0.16575,0
10,5,237,20.00000,7.51754,2.73616,-50,True,10.00000,19.75000,-0.25000,1770,False,2,1647855,1585,0.31470,0.20543,0.35966,-0.10903,0
10,5,237,20.00000,7.51754,2.73616,-50,True,10.00000,19.75000,-0.25000,1770,False,2,1647871,1601,0.24065,0.20543,0.31206,-0.05230,0
10,5,237,20.00000,7.51754,2.73616,-50,True,10.00000,19.75000,-0.25000,1770,False,2,1647888,1618,0.20363,0.20543,0.28826,-0.02394,0
10,5,237,20.00000,7.51754,2.73616,-50,True,10.00000,19.75000,-0.25000,1770,False,2,1647904,1634,0.16661,0.22597,0.28020,0.01762,0
10,5,237,20.00000,7.51754,2.73616,-50,True,10.00000,19.75000,-0.25000,1770,False,2,1647921,1651,0.16661,0.24652,0.29593,0.03083,0
10,5,237,20.00000,7.51754,2.73616,-50,True,10.00000,19.75000,-0.25000,1770,False,2,1647938,1668,0.16661,0.28760,0.32741,0.05724,0
10,5,237,20.00000,7.51754,2.73616,-50,True,10.00000,19.75000,-0.25000,1770,False,2,1647954,1684,0.18512,0.30814,0.35504,0.05626,0
10,5,237,20.00000,7.51754,2.73616,-50,True,10.00000,19.75000,-0.25000,1770,False,2,1647971,1701,0.20363,0.34923,0.39842,0.06849,0
10,5,237,20.00000,7.51754,2.73616,-50,True,10.00000,19.75000,-0.25000,1770,False,2,1647988,1718,0.20363,0.36977,0.41415,0.08170,0
10,5,237,20.00000,7.51754,2.73616,-50,True,10.00000,19.75000,-0.25000,1770,False,2,1648005,1735,0.22214,0.39032,0.44179,0.08072,0
10,5,237,20.00000,7.51754,2.73616,-50,True,10.00000,19.75000,-0.25000,1770,False,2,1648021,1751,0.24065,0.43140,0.48516,0.09295,0
10,5,237,20.00000,7.51754,2.73616,-50,True,10.00000,19.75000,-0.25000,1770,False,2,1648038,1768,0.24065,0.45195,0.50090,0.10615,0
10,5,237,20.00000,7.51754,2.73616,-50,True,10.00000,19.75000,-0.25000,1770,False,2,1648054,1784,0.24065,0.45195,0.50090,0.10615,0
10,5,237,20.00000,7.51754,2.73616,-50,True,10.00000,19.75000,-0.25000,1770,False,2,1648071,1801,0.24065,0.47249,0.51664,0.11936,0
10,5,237,20.00000,7.51754,2.73616,-50,True,10.00000,19.75000,-0.25000,1770,False,2,1648088,1818,0.24065,0.49303,0.53237,0.13256,0
10,5,237,20.00000,7.51754,2.73616,-50,True,10.00000,19.75000,-0.25000,1770,False,2,1648105,1835,0.24065,0.49303,0.53237,0.13256,0
10,5,237,20.00000,7.51754,2.73616,-50,True,10.00000,19.75000,-0.25000,1770,False,2,1648121,1851,0.24065,0.51357,0.54811,0.14577,0
10,5,237,20.00000,7.51754,2.73616,-50,True,10.00000,19.75000,-0.25000,1770,False,2,1648138,1868,0.24065,0.53412,0.56385,0.15897,0
10,5,237,20.00000,7.51754,2.73616,-50,True,10.00000,19.75000,-0.25000,1770,False,2,1648154,1884,0.24065,0.53412,0.56385,0.15897,0
10,5,237,20.00000,7.51754,2.73616,-50,True,10.00000,19.75000,-0.25000,1770,False,2,1648171,1901,0.24065,0.57520,0.59532,0.18538,0
10,5,237,20.00000,7.51754,2.73616,-50,True,10.00000,19.75000,-0.25000,1770,False,2,1648188,1918,0.22214,0.59575,0.59916,0.21277,0
10,5,237,20.00000,7.51754,2.73616,-50,True,10.00000,19.75000,-0.25000,1770,False,2,1648205,1935,0.22214,0.63683,0.63063,0.23918,0
10,5,237,20.00000,7.51754,2.73616,-50,True,10.00000,19.75000,-0.25000,1770,False,2,1648221,1951,0.22214,0.67792,0.66211,0.26559,0
10,5,237,20.00000,7.51754,2.73616,-50,True,10.00000,19.75000,-0.25000,1770,False,2,1648238,1968,0.22214,0.73955,0.70932,0.30520,0
10,5,237,20.00000,7.51754,2.73616,-50,True,10.00000,19.75000,-0.25000,1770,False,2,1648255,1985,0.22214,0.82172,0.77226,0.35802,0
10,5,237,20.00000,7.51754,2.73616,-50,True,10.00000,19.75000,-0.25000,1770,False,2,1648271,2001,0.24065,0.88335,0.83137,0.38345,0
10,5,237,20.00000,7.51754,2.73616,-50,True,10.00000,19.75000,-0.25000,1770,False,2,1648288,2018,0.24065,0.96552,0.89432,0.43627,0
10,5,237,20.00000,7.51754,2.73616,-50,True,10.00000,19.75000,-0.25000,1770,False,2,1648305,2035,0.25917,1.06823,0.98490,0.48811,0
10,5,237,20.00000,7.51754,2.73616,-50,True,10.00000,19.75000,-0.25000,1770,False,2,1648322,2052,0.29619,1.19149,1.10312,0.53898,0
10,5,237,20.00000,7.51754,2.73616,-50,True,10.00000,19.75000,-0.25000,1770,False,2,1648338,2068,0.35173,1.33529,1.24898,0.58887,0
10,5,237,20.00000,7.51754,2.73616,-50,True,10.00000,19.75000,-0.25000,1770,False,2,1648355,2085,0.38875,1.45855,1.36720,0.63974,0
10,5,237,20.00000,7.51754,2.73616,-50,True,10.00000,19.75000,-0.25000,1770,False,2,1648371,2101,0.46280,1.56127,1.49348,0.64904,0
10,5,237,20.00000,7.51754,2.73616,-50,True,10.00000,19.75000,-0.25000,1770,False,2,1648388,2118,0.53685,1.68452,1.63550,0.67154,0
10,5,237,20.00000,7.51754,2.73616,-50,True,10.00000,19.75000,-0.25000,1770,False,2,1648405,2135,0.64792,1.82832,1.81705,0.67889,0
10,5,237,20.00000,7.51754,2.73616,-50,True,10.00000,19.75000,-0.25000,1770,False,2,1648422,2152,0.74048,1.93104,1.95523,0.67401,0
10,5,237,20.00000,7.51754,2.73616,-50,True,10.00000,19.75000,-0.25000,1770,False,2,1648438,2168,0.85155,2.03375,2.10531,0.65495,0
10,5,237,20.00000,7.51754,2.73616,-50,True,10.00000,19.75000,-0.25000,1770,False,2,1648455,2185,0.94411,2.11593,2.22775,0.63686,0
10,5,237,20.00000,7.51754,2.73616,-50,True,10.00000,19.75000,-0.25000,1770,False,2,1648471,2201,1.09220,2.23918,2.41737,0.60264,0
10,5,237,20.00000,7.51754,2.73616,-50,True,10.00000,19.75000,-0.25000,1770,False,2,1648488,2218,1.20327,2.32135,2.55171,0.57038,0
10,5,237,20.00000,7.51754,2.73616,-50,True,10.00000,19.75000,-0.25000,1770,False,2,1648505,2235,1.36988,2.42407,2.73749,0.50877,0
10,5,237,20.00000,7.51754,2.73616,-50,True,10.00000,19.75000,-0.25000,1770,False,2,1648522,2252,1.49946,2.48570,2.86799,0.44912,0
10,5,237,20.00000,7.51754,2.73616,-50,True,10.00000,19.75000,-0.25000,1770,False,2,1648538,2268,1.61054,2.54733,2.98660,0.40365,0
10,5,237,20.00000,7.51754,2.73616,-50,True,10.00000,19.75000,-0.25000,1770,False,2,1648555,2285,1.77714,2.62950,3.15664,0.32884,0
10,5,237,20.00000,7.51754,2.73616,-50,True,10.00000,19.75000,-0.25000,1770,False,2,1648572,2302,1.90673,2.69113,3.28714,0.26919,0
10,5,237,20.00000,7.51754,2.73616,-50,True,10.00000,19.75000,-0.25000,1770,False,2,1648588,2318,2.05482,2.77330,3.44528,0.20856,0
10,5,237,20.00000,7.51754,2.73616,-50,True,10.00000,19.75000,-0.25000,1770,False,2,1648605,2335,2.16589,2.83493,3.56389,0.16309,0
10,5,237,20.00000,7.51754,2.73616,-50,True,10.00000,19.75000,-0.25000,1770,False,2,1648622,2352,2.29548,2.89656,3.69440,0.10343,0
10,5,237,20.00000,7.51754,2.73616,-50,True,10.00000,19.75000,-0.25000,1770,False,2,1648638,2368,2.38804,2.95819,3.80110,0.07214,0
10,5,237,20.00000,7.51754,2.73616,-50,True,10.00000,19.75000,-0.25000,1770,False,2,1648655,2385,2.53613,3.04036,3.95924,0.01152,0
10,5,237,20.00000,7.51754,2.73616,-50,True,10.00000,19.75000,-0.25000,1770,False,2,1648672,2402,2.66571,3.14307,4.12122,-0.02173,0
10,5,237,20.00000,7.51754,2.73616,-50,True,10.00000,19.75000,-0.25000,1770,False,2,1648688,2418,2.73976,3.24579,4.24750,-0.01243,0
10,5,237,20.00000,7.51754,2.73616,-50,True,10.00000,19.75000,-0.25000,1770,False,2,1648705,2435,2.83232,3.32796,4.36995,-0.03051,0
10,5,237,20.00000,7.51754,2.73616,-50,True,10.00000,19.75000,-0.25000,1770,False,2,1648722,2452,2.88786,3.43067,4.48433,-0.00703,0
10,5,237,20.00000,7.51754,2.73616,-50,True,10.00000,19.75000,-0.25000,1770,False,2,1648739,2469,2.98042,3.57448,4.65398,0.01450,0
10,5,237,20.00000,7.51754,2.73616,-50,True,10.00000,19.75000,-0.25000,1770,False,2,1648755,2485,3.03595,3.67719,4.76836,0.03798,0
10,5,237,20.00000,7.51754,2.73616,-50,True,10.00000,19.75000,-0.25000,1770,False,2,1648772,2502,3.09149,3.77990,4.88275,0.06146,0
10,5,237,20.00000,7.51754,2.73616,-50,True,10.00000,19.75000,-0.25000,1770,False,2,1648789,2519,3.12851,3.92371,5.01670,0.12553,0
10,5,237,20.00000,7.51754,2.73616,-50,True,10.00000,19.75000,-0.25000,1770,False,2,1648805,2535,3.16554,4.06751,5.15066,0.18960,0
10,5,237,20.00000,7.51754,2.73616,-50,True,10.00000,19.75000,-0.25000,1770,False,2,1648822,2552,3.16554,4.25239,5.29229,0.30844,0
10,5,237,20.00000,7.51754,2.73616,-50,True,10.00000,19.75000,-0.25000,1770,False,2,1648839,2569,3.16554,4.39619,5.40245,0.40088,0
10,5,237,20.00000,7.51754,2.73616,-50,True,10.00000,19.75000,-0.25000,1770,False,2,1648855,2585,3.16554,4.51945,5.49687,0.48011,0
10,5,237,20.00000,7.51754,2.73616,-50,True,10.00000,19.75000,-0.25000,1770,False,2,1648872,2602,3.14702,4.66325,5.59513,0.58672,0
10,5,237,20.00000,7.51754,2.73616,-50,True,10.00000,19.75000,-0.25000,1770,False,2,1648889,2619,3.14702,4.80705,5.70528,0.67915,0
10,5,237,20.00000,7.51754,2.73616,-50,True,10.00000,19.75000,-0.25000,1770,False,2,1648905,2635,3.12851,4.93031,5.78781,0.77256,0
10,5,237,20.00000,7.51754,2.73616,-50,True,10.00000,19.75000,-0.25000,1770,False,2,1648922,2652,3.12851,5.01248,5.85075,0.82538,0
10,5,237,20.00000,7.51754,2.73616,-50,True,10.00000,19.75000,-0.25000,1770,False,2,1648939,2669,3.11000,5.09465,5.90180,0.89238,0
10,5,237,20.00000,7.51754,2.73616,-50,True,10.00000,19.75000,-0.25000,1770,False,2,1648955,2685,3.11000,5.15628,5.94901,0.93200,0
10,5,237,20.00000,7.51754,2.73616,-50,True,10.00000,19.75000,-0.25000,1770,False,2,1648972,2702,3.09149,5.21791,5.98432,0.98579,0
10,5,237,20.00000,7.51754,2.73616,-50,True,10.00000,19.75000,-0.25000,1770,False,2,1648989,2719,3.09149,5.27954,6.03153,1.02541,0
10,5,237,20.00000,7.51754,2.73616,-50,True,10.00000,19.75000,-0.25000,1770,False,2,1649005,2735,3.09149,5.34117,6.07874,1.06502,0
10,5,237,20.00000,7.51754,2.73616,-50,True,10.00000,19.75000,-0.25000,1770,False,2,1649022,2752,3.07298,5.42334,6.12979,1.13202,0
10,5,237,20.00000,7.51754,2.73616,-50,True,10.00000,19.75000,-0.25000,1770,False,2,1649039,2769,3.07298,5.48497,6.17700,1.17164,0
10,5,237,20.00000,7.51754,2.73616,-50,True,10.00000,19.75000,-0.25000,1770,False,2,1649055,2785,3.05446,5.56714,6.22805,1.23864,0
10,5,237,20.00000,7.51754,2.73616,-50,True,10.00000,19.75000,-0.25000,1770,False,2,1649072,2802,3.05446,5.62877,6.27526,1.27825,0
10,5,237,20.00000,7.51754,2.73616,-50,True,10.00000,19.75000,-0.25000,1770,False,2,1649089,2819,3.05446,5.69040,6.32247,1.31786,0
10,5,237,20.00000,7.51754,2.73616,-50,True,10.00000,19.75000,-0.25000,1770,False,2,1649105,2835,3.03595,5.77257,6.37352,1.38486,0
10,5,237,20.00000,7.51754,2.73616,-50,True,10.00000,19.75000,-0.25000,1770,False,2,1649122,2852,3.03595,5.85474,6.43647,1.43768,0
10,5,237,20.00000,7.51754,2.73616,-50,True,10.00000,19.75000,-0.25000,1770,False,2,1649139,2869,3.03595,5.93692,6.49941,1.49050,0
10,5,237,20.00000,7.51754,2.73616,-50,True,10.00000,19.75000,-0.25000,1770,False,2,1649155,2885,3.05446,6.01909,6.57426,1.52914,0
10,5,237,20.00000,7.51754,2.73616,-50,True,10.00000,19.75000,-0.25000,1770,False,2,1649172,2902,3.05446,6.08072,6.62147,1.56875,0
10,5,237,20.00000,7.51754,2.73616,-50,True,10.00000,19.75000,-0.25000,1770,False,2,1649189,2919,3.07298,6.14235,6.68058,1.59419,0
10,5,237,20.00000,7.51754,2.73616,-50,True,10.00000,19.75000,-0.25000,1770,False,2,1649205,2935,3.07298,6.22452,6.74353,1.64701,0
10,5,237,20.00000,7.51754,2.73616,-50,True,10.00000,19.75000,-0.25000,1770,False,2,1649222,2952,3.09149,6.28615,6.80264,1.67244,0
10,5,237,20.00000,7.51754,2.73616,-50,True,10.00000,19.75000,-0.25000,1770,False,2,1649239,2969,3.11000,6.36832,6.87748,1.71108,0
10,5,237,20.00000,7.51754,2.73616,-50,True,10.00000,19.75000,-0.25000,1770,False,2,1649256,2986,3.11000,6.42995,6.92469,1.75069,0
10,5,237,20.00000,7.51754,2.73616,-50,True,10.00000,19.75000,-0.25000,1770,False,2,1649272,3002,3.12851,6.47103,6.96807,1.76292,0
10,5,237,20.00000,7.51754,2.73616,-50,True,10.00000,19.75000,-0.25000,1770,False,2,1649289,3019,3.12851,6.53266,7.01528,1.80253,0
10,5,237,20.00000,7.51754,2.73616,-50,True,10.00000,19.75000,-0.25000,1770,False,2,1649305,3035,3.12851,6.59429,7.06249,1.84215,0
10,5,237,20.00000,7.51754,2.73616,-50,True,10.00000,19.75000,-0.25000,1770,False,2,1649323,3053,3.12851,6.63538,7.09396,1.86856,0
10,5,237,20.00000,7.51754,2.73616,-50,True,10.00000,19.75000,-0.25000,1770,False,2,1649339,3069,3.12851,6.69701,7.14117,1.90817,0
10,5,237,20.00000,7.51754,2.73616,-50,True,10.00000,19.75000,-0.25000,1770,False,2,1649356,3086,3.12851,6.75864,7.18838,1.94779,0
10,5,237,20.00000,7.51754,2.73616,-50,True,10.00000,19.75000,-0.25000,1770,False,2,1649372,3102,3.12851,6.79972,7.21986,1.97420,0
10,5,237,20.00000,7.51754,2.73616,-50,True,10.00000,19.75000,-0.25000,1770,False,2,1649389,3119,3.12851,6.88189,7.28280,2.02702,0
10,5,237,20.00000,7.51754,2.73616,-50,True,10.00000,19.75000,-0.25000,1770,False,2,1649406,3136,3.12851,6.94352,7.33001,2.06663,0
10,5,237,20.00000,7.51754,2.73616,-50,True,10.00000,19.75000,-0.25000,1770,False,2,1649422,3152,3.12851,7.00515,7.37722,2.10624,0
10,5,237,20.00000,7.51754,2.73616,-50,True,10.00000,19.75000,-0.25000,1770,False,2,1649439,3169,3.11000,7.06678,7.41254,2.16004,0
10,5,237,20.00000,7.51754,2.73616,-50,True,10.00000,19.75000,-0.25000,1770,False,2,1649456,3186,3.09149,7.16949,7.47932,2.24024,0
10,5,237,20.00000,7.51754,2.73616,-50,True,10.00000,19.75000,-0.25000,1770,False,2,1649473,3203,3.05446,7.25167,7.51847,2.32143,0
10,5,237,20.00000,7.51754,2.73616,-50,True,10.00000,19.75000,-0.25000,1770,False,2,1649489,3219,3.03595,7.31329,7.55378,2.37522,0
10,5,237,20.00000,7.51754,2.73616,-50,True,10.00000,19.75000,-0.25000,1770,False,2,1649506,3236,2.99893,7.37492,7.57719,2.44320,0
10,5,237,20.00000,7.51754,2.73616,-50,True,10.00000,19.75000,-0.25000,1770,False,2,1649522,3252,2.96190,7.43655,7.60061,2.51117,0
10,5,237,20.00000,7.51754,2.73616,-50,True,10.00000,19.75000,-0.25000,1770,False,3,1649539,3269,2.90637,7.51872,7.62786,2.60653,0
10,5,237,20.00000,7.51754,2.73616,-50,True,10.00000,19.75000,-0.25000,1770,False,3,1649556,3286,2.88786,7.53927,7.63169,2.63392,0
10,5,237,20.00000,7.51754,2.73616,-50,True,10.00000,19.75000,-0.25000,1770,False,3,1649572,3302,2.86935,7.55981,7.63553,2.66131,0
10,5,237,20.00000,7.51754,2.73616,-50,True,10.00000,19.75000,-0.25000,1770,False,3,1649589,3319,2.86935,7.55981,7.63553,2.66131,0
10,5,237,20.00000,7.51754,2.73616,-50,True,10.00000,19.75000,-0.25000,1770,False,3,1649606,3336,2.85083,7.55981,7.62363,2.67549,0
10,5,237,20.00000,7.51754,2.73616,-50,True,10.00000,19.75000,-0.25000,1770,False,3,1649623,3353,2.85083,7.58035,7.63937,2.68869,0
10,5,237,20.00000,7.51754,2.73616,-50,True,10.00000,19.75000,-0.25000,1770,False,3,1649639,3369,2.83232,7.58035,7.62747,2.70287,0
10,5,237,20.00000,7.51754,2.73616,-50,True,10.00000,19.75000,-0.25000,1770,False,3,1649656,3386,2.81381,7.60090,7.63131,2.73026,0
10,5,237,20.00000,7.51754,2.73616,-50,True,10.00000,19.75000,-0.25000,1770,False,3,1649672,3402,2.81381,7.60090,7.63131,2.73026,0
10,5,237,20.00000,7.51754,2.73616,-50,True,10.00000,19.75000,-0.25000,1770,False,3,1649689,3419,2.79530,7.64198,7.65088,2.77085,0
10,5,237,20.00000,7.51754,2.73616,-50,True,10.00000,19.75000,-0.25000,1770,False,3,1649706,3436,2.75827,7.66252,7.64282,2.81242,0
10,5,237,20.00000,7.51754,2.73616,-50,True,10.00000,19.75000,-0.25000,1770,False,3,1649723,3453,2.73976,7.68307,7.64666,2.83980,0
10,5,237,20.00000,7.51754,2.73616,-50,True,10.00000,19.75000,-0.25000,1770,False,3,1649740,3470,2.72125,7.70361,7.65049,2.86719,0
10,5,237,20.00000,7.51754,2.73616,-50,True,10.00000,19.75000,-0.25000,1770,False,3,1649756,3486,2.68423,7.74470,7.65817,2.92196,0
10,5,237,20.00000,7.51754,2.73616,-50,True,10.00000,19.75000,-0.25000,1770,False,3,1649773,3503,2.64720,7.74470,7.63437,2.95032,0
10,5,237,20.00000,7.51754,2.73616,-50,True,10.00000,19.75000,-0.25000,1770,False,3,1649789,3519,2.62869,7.76524,7.63821,2.97771,0
10,5,237,20.00000,7.51754,2.73616,-50,True,10.00000,19.75000,-0.25000,1770,False,3,1649806,3536,2.61018,7.76524,7.62631,2.99189,0
10,5,237,20.00000,7.51754,2.73616,-50,True,10.00000,19.75000,-0.25000,1770,False,3,1649823,3553,2.59167,7.74470,7.59867,2.99286,0
10,5,237,20.00000,7.51754,2.73616,-50,True,10.00000,19.75000,-0.25000,1770,False,3,1649839,3569,2.57315,7.72415,7.57104,2.99384,0
10,5,237,20.00000,7.51754,2.73616,-50,True,10.00000,19.75000,-0.25000,1770,False,3,1649856,3586,2.55464,7.66252,7.51193,2.96841,0
10,5,237,20.00000,7.51754,2.73616,-50,True,10.00000,19.75000,-0.25000,1770,False,3,1649872,3602,2.55464,7.58035,7.44898,2.91559,0
10,5,237,20.00000,7.51754,2.73616,-50,True,10.00000,19.75000,-0.25000,1770,False,3,1649889,3619,2.55464,7.49818,7.38603,2.86277,0
10,5,237,20.00000,7.51754,2.73616,-50,True,10.00000,19.75000,-0.25000,1770,False,3,1649906,3636,2.55464,7.35438,7.27587,2.77033,0
10,5,237,20.00000,7.51754,2.73616,-50,True,10.00000,19.75000,-0.25000,1770,False,3,1649923,3653,2.53613,7.21058,7.15382,2.69208,0
10,5,237,20.00000,7.51754,2.73616,-50,True,10.00000,19.75000,-0.25000,1770,False,3,1649939,3669,2.53613,7.02569,7.01219,2.57324,0
10,5,237,20.00000,7.51754,2.73616,-50,True,10.00000,19.75000,-0.25000,1770,False,3,1649956,3686,2.53613,6.84081,6.87056,2.45440,0
10,5,237,20.00000,7.51754,2.73616,-50,True,10.00000,19.75000,-0.25000,1770,False,3,1649973,3703,2.51762,6.61483,6.68555,2.32333,0
10,5,237,20.00000,7.51754,2.73616,-50,True,10.00000,19.75000,-0.25000,1770,False,3,1649989,3719,2.48060,6.34778,6.45717,2.18003,0
10,5,237,20.00000,7.51754,2.73616,-50,True,10.00000,19.75000,-0.25000,1770,False,3,1650006,3736,2.44357,6.14235,6.27601,2.07634,0
10,5,237,20.00000,7.51754,2.73616,-50,True,10.00000,19.75000,-0.25000,1770,False,3,1650023,3753,2.38804,5.85474,6.01999,1.93402,0
10,5,237,20.00000,7.51754,2.73616,-50,True,10.00000,19.75000,-0.25000,1770,False,3,1650040,3770,2.35101,5.64931,5.83883,1.83033,0
10,5,237,20.00000,7.51754,2.73616,-50,True,10.00000,19.75000,-0.25000,1770,False,3,1650056,3786,2.29548,5.42334,5.63002,1.72762,0
10,5,237,20.00000,7.51754,2.73616,-50,True,10.00000,19.75000,-0.25000,1770,False,3,1650073,3803,2.22143,5.11520,5.34638,1.58627,0
10,5,237,20.00000,7.51754,2.73616,-50,True,10.00000,19.75000,-0.25000,1770,False,3,1650089,3819,2.14738,4.86868,5.10994,1.48454,0
10,5,237,20.00000,7.51754,2.73616,-50,True,10.00000,19.75000,-0.25000,1770,False,3,1650106,3836,2.03631,4.56054,4.80249,1.37155,0
10,5,237,20.00000,7.51754,2.73616,-50,True,10.00000,19.75000,-0.25000,1770,False,3,1650123,3853,1.92524,4.35511,4.57373,1.32459,0
10,5,237,20.00000,7.51754,2.73616,-50,True,10.00000,19.75000,-0.25000,1770,False,3,1650140,3870,1.83268,4.12914,4.34112,1.25024,0
10,5,237,20.00000,7.51754,2.73616,-50,True,10.00000,19.75000,-0.25000,1770,False,3,1650156,3886,1.72161,3.90316,4.09662,1.19008,0
10,5,237,20.00000,7.51754,2.73616,-50,True,10.00000,19.75000,-0.25000,1770,False,3,1650173,3903,1.55500,3.61556,3.76922,1.13284,0
10,5,237,20.00000,7.51754,2.73616,-50,True,10.00000,19.75000,-0.25000,1770,False,3,1650189,3919,1.42542,3.38959,3.51282,1.08685,0
10,5,237,20.00000,7.51754,2.73616,-50,True,10.00000,19.75000,-0.25000,1770,False,3,1650206,3936,1.29583,3.16362,3.25642,1.04087,0
10,5,237,20.00000,7.51754,2.73616,-50,True,10.00000,19.75000,-0.25000,1770,False,3,1650223,3953,1.12923,2.87601,2.92901,0.98363,0
10,5,237,20.00000,7.51754,2.73616,-50,True,10.00000,19.75000,-0.25000,1770,False,3,1650240,3970,0.99964,2.67059,2.68834,0.95085,0
10,5,237,20.00000,7.51754,2.73616,-50,True,10.00000,19.75000,-0.25000,1770,False,3,1650256,3986,0.83304,2.38298,2.36094,0.89361,0
10,5,237,20.00000,7.51754,2.73616,-50,True,10.00000,19.75000,-0.25000,1770,False,3,1650273,4003,0.72196,2.15701,2.11644,0.83344,0
10,5,237,20.00000,7.51754,2.73616,-50,True,10.00000,19.75000,-0.25000,1770,False,3,1650289,4019,0.59238,1.95158,1.87577,0.80066,0
10,5,237,20.00000,7.51754,2.73616,-50,True,10.00000,19.75000,-0.25000,1770,False,3,1650306,4036,0.48131,1.72561,1.63127,0.74050,0
10,5,237,20.00000,7.51754,2.73616,-50,True,10.00000,19.75000,-0.25000,1770,False,3,1650323,4053,0.33321,1.43801,1.31576,0.66908,0
10,5,237,20.00000,7.51754,2.73616,-50,True,10.00000,19.75000,-0.25000,1770,False,3,1650340,4070,0.24065,1.23258,1.09890,0.60793,0
10,5,237,20.00000,7.51754,2.73616,-50,True,10.00000,19.75000,-0.25000,1770,False,3,1650356,4086,0.12958,0.98606,0.83866,0.53456,0
10,5,237,20.00000,7.51754,2.73616,-50,True,10.00000,19.75000,-0.25000,1770,False,3,1650373,4103,0.05554,0.78063,0.63370,0.45924,0
10,5,237,20.00000,7.51754,2.73616,-50,True,10.00000,19.75000,-0.25000,1770,False,3,1650390,4120,-0.03702,0.59575,0.43257,0.41130,0
10,5,237,20.00000,7.51754,2.73616,-50,True,10.00000,19.75000,-0.25000,1770,False,3,1650406,4136,-0.12958,0.41086,0.23144,0.36336,0
10,5,237,20.00000,7.51754,2.73616,-50,True,10.00000,19.75000,-0.25000,1770,False,3,1650423,4153,-0.20363,0.28760,0.08942,0.34086,0
10,5,237,20.00000,7.51754,2.73616,-50,True,10.00000,19.75000,-0.25000,1770,False,3,1650440,4170,-0.29619,0.14380,-0.08023,0.31933,0
10,5,237,20.00000,7.51754,2.73616,-50,True,10.00000,19.75000,-0.25000,1770,False,3,1650456,4186,-0.38875,-0.04109,-0.28136,0.27139,0
10,5,237,20.00000,7.51754,2.73616,-50,True,10.00000,19.75000,-0.25000,1770,False,3,1650473,4203,-0.48131,-0.16434,-0.43527,0.26307,0
10,5,237,20.00000,7.51754,2.73616,-50,True,10.00000,19.75000,-0.25000,1770,False,3,1650490,4220,-0.53685,-0.26706,-0.54966,0.23959,0
10,5,237,20.00000,7.51754,2.73616,-50,True,10.00000,19.75000,-0.25000,1770,False,3,1650506,4236,-0.61089,-0.36977,-0.67594,0.23029,0
10,5,237,20.00000,7.51754,2.73616,-50,True,10.00000,19.75000,-0.25000,1770,False,3,1650523,4253,-0.68494,-0.51357,-0.83369,0.19458,0
10,5,237,20.00000,7.51754,2.73616,-50,True,10.00000,19.75000,-0.25000,1770,False,3,1650540,4270,-0.74048,-0.57520,-0.91660,0.19750,0
10,5,237,20.00000,7.51754,2.73616,-50,True,10.00000,19.75000,-0.25000,1770,False,3,1650556,4286,-0.77750,-0.63683,-0.98761,0.18625,0
10,5,237,20.00000,7.51754,2.73616,-50,True,10.00000,19.75000,-0.25000,1770,False,3,1650573,4303,-0.81452,-0.69846,-1.05862,0.17500,0
10,5,237,20.00000,7.51754,2.73616,-50,True,10.00000,19.75000,-0.25000,1770,False,3,1650590,4320,-0.85155,-0.76009,-1.12963,0.16375,0
10,5,237,20.00000,7.51754,2.73616,-50,True,10.00000,19.75000,-0.25000,1770,False,3,1650607,4337,-0.87006,-0.80118,-1.17300,0.15152,0
10,5,237,20.00000,7.51754,2.73616,-50,True,10.00000,19.75000,-0.25000,1770,False,3,1650623,4353,-0.88857,-0.82172,-1.20064,0.15249,0
10,5,237,20.00000,7.51754,2.73616,-50,True,10.00000,19.75000,-0.25000,1770,False,3,1650640,4370,-0.88857,-0.84226,-1.21637,0.13929,0
10,5,237,20.00000,7.51754,2.73616,-50,True,10.00000,19.75000,-0.25000,1770,False,3,1650657,4387,-0.88857,-0.84226,-1.21637,0.13929,0
10,5,237,20.00000,7.51754,2.73616,-50,True,10.00000,19.75000,-0.25000,1770,False,3,1650673,4403,-0.88857,-0.84226,-1.21637,0.13929,0
10,5,237,20.00000,7.51754,2.73616,-50,True,10.00000,19.75000,-0.25000,1770,False,3,1650690,4420,-0.88857,-0.84226,-1.21637,0.13929,0
10,5,237,20.00000,7.51754,2.73616,-50,True,10.00000,19.75000,-0.25000,1770,False,3,1650707,4437,-0.88857,-0.84226,-1.21637,0.13929,0
10,5,237,20.00000,7.51754,2.73616,-50,True,10.00000,19.75000,-0.25000,1770,False,3,1650723,4453,-0.88857,-0.84226,-1.21637,0.13929,0
10,5,237,20.00000,7.51754,2.73616,-50,True,10.00000,19.75000,-0.25000,1770,False,3,1650740,4470,-0.87006,-0.82172,-1.18874,0.13831,0
10,5,237,20.00000,7.51754,2.73616,-50,True,10.00000,19.75000,-0.25000,1770,False,3,1650757,4487,-0.85155,-0.80118,-1.16110,0.13734,0
10,5,237,20.00000,7.51754,2.73616,-50,True,10.00000,19.75000,-0.25000,1770,False,3,1650774,4504,-0.81452,-0.78063,-1.12157,0.12218,0
10,5,237,20.00000,7.51754,2.73616,-50,True,10.00000,19.75000,-0.25000,1770,False,3,1650790,4520,-0.79601,-0.73955,-1.07819,0.13441,0
10,5,237,20.00000,7.51754,2.73616,-50,True,10.00000,19.75000,-0.25000,1770,False,3,1650807,4537,-0.74048,-0.69846,-1.01102,0.11828,0
10,5,237,20.00000,7.51754,2.73616,-50,True,10.00000,19.75000,-0.25000,1770,False,3,1650823,4553,-0.70345,-0.65737,-0.95575,0.11632,0
10,5,237,20.00000,7.51754,2.73616,-50,True,10.00000,19.75000,-0.25000,1770,False,3,1650840,4570,-0.66643,-0.61629,-0.90048,0.11437,0
10,5,237,20.00000,7.51754,2.73616,-50,True,10.00000,19.75000,-0.25000,1770,False,3,1650857,4587,-0.61089,-0.57520,-0.83331,0.09824,0
10,5,237,20.00000,7.51754,2.73616,-50,True,10.00000,19.75000,-0.25000,1770,False,3,1650873,4603,-0.57387,-0.53412,-0.77803,0.09629,0
10,5,237,20.00000,7.51754,2.73616,-50,True,10.00000,19.75000,-0.25000,1770,False,3,1650890,4620,-0.53685,-0.49303,-0.72276,0.09433,0
10,5,237,20.00000,7.51754,2.73616,-50,True,10.00000,19.75000,-0.25000,1770,False,3,1650907,4637,-0.48131,-0.45195,-0.65559,0.07820,0
10,5,237,20.00000,7.51754,2.73616,-50,True,10.00000,19.75000,-0.25000,1770,False,3,1650923,4653,-0.44429,-0.43140,-0.61605,0.06304,0
10,5,237,20.00000,7.51754,2.73616,-50,True,10.00000,19.75000,-0.25000,1770,False,3,1650940,4670,-0.40726,-0.39032,-0.56078,0.06109,0
10,5,237,20.00000,7.51754,2.73616,-50,True,10.00000,19.75000,-0.25000,1770,False,3,1650957,4687,-0.37024,-0.34923,-0.50551,0.05914,0
10,5,237,20.00000,7.51754,2.73616,-50,True,10.00000,19.75000,-0.25000,1770,False,3,1650973,4703,-0.33321,-0.32869,-0.46598,0.04398,0
10,5,237,20.00000,7.51754,2.73616,-50,True,10.00000,19.75000,-0.25000,1770,False,3,1650990,4720,-0.31470,-0.28760,-0.42260,0.05621,0
10,5,237,20.00000,7.51754,2.73616,-50,True,10.00000,19.75000,-0.25000,1770,False,3,1651007,4737,-0.27768,-0.24652,-0.36733,0.05426,0
10,5,237,20.00000,7.51754,2.73616,-50,True,10.00000,19.75000,-0.25000,1770,False,3,1651023,4753,-0.24065,-0.20543,-0.31206,0.05230,0
10,5,237,20.00000,7.51754,2.73616,-50,True,10.00000,19.75000,-0.25000,1770,False,3,1651040,4770,-0.20363,-0.16434,-0.25679,0.05035,0
10,5,237,20.00000,7.51754,2.73616,-50,True,10.00000,19.75000,-0.25000,1770,False,3,1651057,4787,-0.18512,-0.12326,-0.21341,0.06258,0
