task_idx,trial_idx,cutrial_no,targetangle_deg,targetx_cm,targety_cm,rotation_deg,doaiming_bool,aimstart_deg,aim_deg,aimdeviation_deg,aimtime_ms,zeroclamped_bool,phase,cutime_ms,time_ms,mousex_cm,mousey_cm,cursorx_cm,cursory_cm,deviation_bool
5,6,54,120.00000,-4.00000,6.92820,0,True,110.00000,120.25000,0.25000,2302,False,0,445336,0,0.00000,0.18489,0.00000,0.18489,0
5,6,54,120.00000,-4.00000,6.92820,0,True,110.00000,120.25000,0.25000,2302,False,1,445352,16,0.00000,0.18489,0.00000,0.18489,0
5,6,54,120.00000,-4.00000,6.92820,0,True,110.00000,120.25000,0.25000,2302,False,1,445369,33,0.00000,0.18489,0.00000,0.18489,0
5,6,54,120.00000,-4.00000,6.92820,0,True,110.00000,120.25000,0.25000,2302,False,1,445386,50,0.00000,0.18489,0.00000,0.18489,0
5,6,54,120.00000,-4.00000,6.92820,0,True,110.00000,120.25000,0.25000,2302,False,1,445402,66,0.00000,0.18489,0.00000,0.18489,0
5,6,54,120.00000,-4.00000,6.92820,0,True,110.00000,120.25000,0.25000,2302,False,1,445419,83,0.00000,0.18489,0.00000,0.18489,0
5,6,54,120.00000,-4.00000,6.92820,0,True,110.00000,120.25000,0.25000,2302,False,1,445436,100,0.00000,0.18489,0.00000,0.18489,0
5,6,54,120.00000,-4.00000,6.92820,0,True,110.00000,120.25000,0.25000,2302,False,1,445452,116,0.00000,0.18489,0.00000,0.18489,0
5,6,54,120.00000,-4.00000,6.92820,0,True,110.00000,120.25000,0.25000,2302,False,1,445469,133,0.00000,0.18489,0.00000,0.18489,0
5,6,54,120.00000,-4.00000,6.92820,0,True,110.00000,120.25000,0.25000,2302,False,1,445486,150,0.00000,0.18489,0.00000,0.18489,0
5,6,54,120.00000,-4.00000,6.92820,0,True,110.00000,120.25000,0.25000,2302,False,1,445502,166,0.00000,0.18489,0.00000,0.18489,0
5,6,54,120.00000,-4.00000,6.92820,0,True,110.00000,120.25000,0.25000,2302,False,1,445519,183,0.00000,0.18489,0.00000,0.18489,0
5,6,54,120.00000,-4.00000,6.92820,0,True,110.00000,120.25000,0.25000,2302,False,1,445536,200,-0.01851,0.20543,-0.01851,0.20543,0
5,6,54,120.00000,-4.00000,6.92820,0,True,110.00000,120.25000,0.25000,2302,False,1,445552,216,-0.03702,0.20543,-0.03702,0.20543,0
5,6,54,120.00000,-4.00000,6.92820,0,True,110.00000,120.25000,0.25000,2302,False,1,445569,233,-0.03702,0.20543,-0.03702,0.20543,0
5,6,54,120.00000,-4.00000,6.92820,0,True,110.00000,120.25000,0.25000,2302,False,1,445585,249,-0.05554,0.20543,-0.05554,0.20543,0
5,6,54,120.00000,-4.00000,6.92820,0,True,110.00000,120.25000,0.25000,2302,False,1,445602,266,-0.07405,0.22597,-0.07405,0.22597,0
5,6,54,120.00000,-4.00000,6.92820,0,True,110.00000,120.25000,0.25000,2302,False,1,445619,283,-0.09256,0.22597,-0.09256,0.22597,0
5,6,54,120.00000,-4.00000,6.92820,0,True,110.00000,120.25000,0.25000,2302,False,1,445636,300,-0.11107,0.22597,-0.11107,0.22597,0
5,6,54,120.00000,-4.00000,6.92820,0,True,110.00000,120.25000,0.25000,2302,False,0,445652,316,-0.12958,0.22597,-0.12958,0.22597,0
5,6,54,120.00000,-4.00000,6.92820,0,True,110.00000,120.25000,0.25000,2302,False,0,445669,333,-0.12958,0.22597,-0.12958,0.22597,0
5,6,54,120.00000,-4.00000,6.92820,0,True,110.00000,120.25000,0.25000,2302,False,0,445686,350,-0.14810,0.24652,-0.14810,0.24652,0
5,6,54,120.00000,-4.00000,6.92820,0,True,110.00000,120.25000,0.25000,2302,False,0,445703,367,-0.14810,0.24652,-0.14810,0.24652,0
5,6,54,120.00000,-4.00000,6.92820,0,True,110.00000,120.25000,0.25000,2302,False,0,445719,383,-0.14810,0.24652,-0.14810,0.24652,0
5,6,54,120.00000,-4.00000,6.92820,0,True,110.00000,120.25000,0.25000,2302,False,0,445736,400,-0.14810,0.24652,-0.14810,0.24652,0
5,6,54,120.00000,-4.00000,6.92820,0,True,110.00000,120.25000,0.25000,2302,False,0,445752,416,-0.16661,0.24652,-0.16661,0.24652,0
5,6,54,120.00000,-4.00000,6.92820,0,True,110.00000,120.25000,0.25000,2302,False,0,445769,433,-0.16661,0.24652,-0.16661,0.24652,0
5,6,54,120.00000,-4.00000,6.92820,0,True,110.00000,120.25000,0.25000,2302,False,0,445786,450,-0.16661,0.26706,-0.16661,0.26706,0
5,6,54,120.00000,-4.00000,6.92820,0,True,110.00000,120.25000,0.25000,2302,False,0,445803,467,-0.16661,0.26706,-0.16661,0.26706,0
5,6,54,120.00000,-4.00000,6.92820,0,True,110.00000,120.25000,0.25000,2302,False,0,445819,483,-0.16661,0.26706,-0.16661,0.26706,0
5,6,54,120.00000,-4.00000,6.92820,0,True,110.00000,120.25000,0.25000,2302,False,0,445836,500,-0.16661,0.26706,-0.16661,0.26706,0
5,6,54,120.00000,-4.00000,6.92820,0,True,110.00000,120.25000,0.25000,2302,False,0,445853,517,-0.16661,0.26706,-0.16661,0.26706,0
5,6,54,120.00000,-4.00000,6.92820,0,True,110.00000,120.25000,0.25000,2302,False,0,445869,533,-0.16661,0.26706,-0.16661,0.26706,0
5,6,54,120.00000,-4.00000,6.92820,0,True,110.00000,120.25000,0.25000,2302,False,0,445886,550,-0.16661,0.26706,-0.16661,0.26706,0
5,6,54,120.00000,-4.00000,6.92820,0,True,110.00000,120.25000,0.25000,2302,False,0,445903,567,-0.16661,0.26706,-0.16661,0.26706,0
5,6,54,120.00000,-4.00000,6.92820,0,True,110.00000,120.25000,0.25000,2302,False,0,445919,583,-0.16661,0.26706,-0.16661,0.26706,0
5,6,54,120.00000,-4.00000,6.92820,0,True,110.00000,120.25000,0.25000,2302,False,0,445936,600,-0.16661,0.26706,-0.16661,0.26706,0
5,6,54,120.00000,-4.00000,6.92820,0,True,110.00000,120.25000,0.25000,2302,False,0,445953,617,-0.16661,0.26706,-0.16661,0.26706,0
5,6,54,120.00000,-4.00000,6.92820,0,True,110.00000,120.25000,0.25000,2302,False,0,445969,633,-0.16661,0.26706,-0.16661,0.26706,0
5,6,54,120.00000,-4.00000,6.92820,0,True,110.00000,120.25000,0.25000,2302,False,0,445986,650,-0.16661,0.24652,-0.16661,0.24652,0
5,6,54,120.00000,-4.00000,6.92820,0,True,110.00000,120.25000,0.25000,2302,False,0,446003,667,-0.12958,0.22597,-0.12958,0.22597,0
5,6,54,120.00000,-4.00000,6.92820,0,True,110.00000,120.25000,0.25000,2302,False,0,446019,683,-0.11107,0.20543,-0.11107,0.20543,0
5,6,54,120.00000,-4.00000,6.92820,0,True,110.00000,120.25000,0.25000,2302,False,1,446036,700,-0.05554,0.18489,-0.05554,0.18489,0
5,6,54,120.00000,-4.00000,6.92820,0,True,110.00000,120.25000,0.25000,2302,False,1,446053,717,-0.03702,0.16434,-0.03702,0.16434,0
5,6,54,120.00000,-4.00000,6.92820,0,True,110.00000,120.25000,0.25000,2302,False,1,446069,733,0.00000,0.12326,0.00000,0.12326,0
5,6,54,120.00000,-4.00000,6.92820,0,True,110.00000,120.25000,0.25000,2302,False,1,446086,750,0.03702,0.10271,0.03702,0.10271,0
5,6,54,120.00000,-4.00000,6.92820,0,True,110.00000,120.25000,0.25000,2302,False,1,446103,767,0.05554,0.08217,0.05554,0.08217,0
5,6,54,120.00000,-4.00000,6.92820,0,True,110.00000,120.25000,0.25000,2302,False,1,446119,783,0.09256,0.04109,0.09256,0.04109,0
5,6,54,120.00000,-4.00000,6.92820,0,True,110.00000,120.25000,0.25000,2302,False,1,446136,800,0.12958,0.04109,0.12958,0.04109,0
5,6,54,120.00000,-4.00000,6.92820,0,True,110.00000,120.25000,0.25000,2302,False,1,446153,817,0.12958,0.02054,0.12958,0.02054,0
5,6,54,120.00000,-4.00000,6.92820,0,True,110.00000,120.25000,0.25000,2302,False,1,446169,833,0.14810,0.02054,0.14810,0.02054,0
5,6,54,120.00000,-4.00000,6.92820,0,True,110.00000,120.25000,0.25000,2302,False,1,446186,850,0.14810,0.02054,0.14810,0.02054,0
5,6,54,120.00000,-4.00000,6.92820,0,True,110.00000,120.25000,0.25000,2302,False,1,446203,867,0.14810,0.02054,0.14810,0.02054,0
5,6,54,120.00000,-4.00000,6.92820,0,True,110.00000,120.25000,0.25000,2302,False,1,446220,884,0.14810,0.02054,0.14810,0.02054,0
5,6,54,120.00000,-4.00000,6.92820,0,True,110.00000,120.25000,0.25000,2302,False,1,446236,900,0.14810,0.02054,0.14810,0.02054,0
5,6,54,120.00000,-4.00000,6.92820,0,True,110.00000,120.25000,0.25000,2302,False,1,446253,917,0.14810,0.02054,0.14810,0.02054,0
5,6,54,120.00000,-4.00000,6.92820,0,True,110.00000,120.25000,0.25000,2302,False,1,446270,934,0.14810,0.02054,0.14810,0.02054,0
5,6,54,120.00000,-4.00000,6.92820,0,True,110.00000,120.25000,0.25000,2302,False,1,446286,950,0.14810,0.02054,0.14810,0.02054,0
5,6,54,120.00000,-4.00000,6.92820,0,True,110.00000,120.25000,0.25000,2302,False,1,446303,967,0.14810,0.02054,0.14810,0.02054,0
5,6,54,120.00000,-4.00000,6.92820,0,True,110.00000,120.25000,0.25000,2302,False,1,446320,984,0.14810,0.02054,0.14810,0.02054,0
5,6,54,120.00000,-4.00000,6.92820,0,True,110.00000,120.25000,0.25000,2302,False,1,446336,1000,0.14810,0.02054,0.14810,0.02054,0
5,6,54,120.00000,-4.00000,6.92820,0,True,110.00000,120.25000,0.25000,2302,False,1,446353,1017,0.14810,0.02054,0.14810,0.02054,0
5,6,54,120.00000,-4.00000,6.92820,0,True,110.00000,120.25000,0.25000,2302,False,1,446370,1034,0.14810,0.02054,0.14810,0.02054,0
5,6,54,120.00000,-4.00000,6.92820,0,True,110.00000,120.25000,0.25000,2302,False,2,446386,1050,0.14810,0.02054,0.14810,0.02054,0
5,6,54,120.00000,-4.00000,6.92820,0,True,110.00000,120.25000,0.25000,2302,False,2,446403,1067,0.14810,0.02054,0.14810,0.02054,0
5,6,54,120.00000,-4.00000,6.92820,0,True,110.00000,120.25000,0.25000,2302,False,2,446420,1084,0.14810,0.02054,0.14810,0.02054,0
5,6,54,120.00000,-4.00000,6.92820,0,True,110.00000,120.25000,0.25000,2302,False,2,446437,1101,0.14810,0.02054,0.14810,0.02054,0
5,6,54,120.00000,-4.00000,6.92820,0,True,110.00000,120.25000,0.25000,2302,False,2,446453,1117,0.14810,0.02054,0.14810,0.02054,0
5,6,54,120.00000,-4.00000,6.92820,0,True,110.00000,120.25000,0.25000,2302,False,2,446470,1134,0.14810,0.02054,0.14810,0.02054,0
5,6,54,120.00000,-4.00000,6.92820,0,True,110.00000,120.25000,0.25000,2302,False,2,446486,1150,0.14810,0.02054,0.14810,0.02054,0
5,6,54,120.00000,-4.00000,6.92820,0,True,110.00000,120.25000,0.25000,2302,False,2,446503,1167,0.14810,0.04109,0.14810,0.04109,0
5,6,54,120.00000,-4.00000,6.92820,0,True,110.00000,120.25000,0.25000,2302,False,2,446520,1184,0.14810,0.04109,0.14810,0.04109,0
5,6,54,120.00000,-4.00000,6.92820,0,True,110.00000,120.25000,0.25000,2302,False,2,446536,1200,0.14810,0.06163,0.14810,0.06163,0
5,6,54,120.00000,-4.00000,6.92820,0,True,110.00000,120.25000,0.25000,2302,False,2,446553,1217,0.14810,0.08217,0.14810,0.08217,0
5,6,54,120.00000,-4.00000,6.92820,0,True,110.00000,120.25000,0.25000,2302,False,2,446570,1234,0.14810,0.08217,0.14810,0.08217,0
5,6,54,120.00000,-4.00000,6.92820,0,True,110.00000,120.25000,0.25000,2302,False,2,446587,1251,0.14810,0.10271,0.14810,0.10271,0
5,6,54,120.00000,-4.00000,6.92820,0,True,110.00000,120.25000,0.25000,2302,False,2,446603,1267,0.14810,0.10271,0.14810,0.10271,0
5,6,54,120.00000,-4.00000,6.92820,0,True,110.00000,120.25000,0.25000,2302,False,2,446620,1284,0.14810,0.10271,0.14810,0.10271,0
5,6,54,120.00000,-4.00000,6.92820,0,True,110.00000,120.25000,0.25000,2302,False,2,446637,1301,0.14810,0.10271,0.14810,0.10271,0
5,6,54,120.00000,-4.00000,6.92820,0,True,110.00000,120.25000,0.25000,2302,False,2,446653,1317,0.14810,0.10271,0.14810,0.10271,0
5,6,54,120.00000,-4.00000,6.92820,0,True,110.00000,120.25000,0.25000,2302,False,2,446670,1334,0.14810,0.12326,0.14810,0.12326,0
5,6,54,120.00000,-4.00000,6.92820,0,True,110.00000,120.25000,0.25000,2302,False,2,446686,1350,0.12958,0.12326,0.12958,0.12326,0
5,6,54,120.00000,-4.00000,6.92820,0,True,110.00000,120.25000,0.25000,2302,False,2,446703,1367,0.12958,0.14380,0.12958,0.14380,0
5,6,54,120.00000,-4.00000,6.92820,0,True,110.00000,120.25000,0.25000,2302,False,2,446720,1384,0.11107,0.16434,0.11107,0.16434,0
5,6,54,120.00000,-4.00000,6.92820,0,True,110.00000,120.25000,0.25000,2302,False,2,446737,1401,0.09256,0.18489,0.09256,0.18489,0
5,6,54,120.00000,-4.00000,6.92820,0,True,110.00000,120.25000,0.25000,2302,False,2,446753,1417,0.05554,0.22597,0.05554,0.22597,0
5,6,54,120.00000,-4.00000,6.92820,0,True,110.00000,120.25000,0.25000,2302,False,2,446770,1434,0.01851,0.26706,0.01851,0.26706,0
5,6,54,120.00000,-4.00000,6.92820,0,True,110.00000,120.25000,0.25000,2302,False,2,446787,1451,-0.01851,0.30814,-0.01851,0.30814,0
5,6,54,120.00000,-4.00000,6.92820,0,True,110.00000,120.25000,0.25000,2302,False,2,446803,1467,-0.05554,0.34923,-0.05554,0.34923,0
5,6,54,120.00000,-4.00000,6.92820,0,True,110.00000,120.25000,0.25000,2302,False,2,446820,1484,-0.09256,0.36977,-0.09256,0.36977,0
5,6,54,120.00000,-4.00000,6.92820,0,True,110.00000,120.25000,0.25000,2302,False,2,446837,1501,-0.11107,0.41086,-0.11107,0.41086,0
5,6,54,120.00000,-4.00000,6.92820,0,True,110.00000,120.25000,0.25000,2302,False,2,446853,1517,-0.14810,0.45195,-0.14810,0.45195,0
5,6,54,120.00000,-4.00000,6.92820,0,True,110.00000,120.25000,0.25000,2302,False,2,446870,1534,-0.18512,0.49303,-0.18512,0.49303,0
5,6,54,120.00000,-4.00000,6.92820,0,True,110.00000,120.25000,0.25000,2302,False,2,446887,1551,-0.22214,0.55466,-0.22214,0.55466,0
5,6,54,120.00000,-4.00000,6.92820,0,True,110.00000,120.25000,0.25000,2302,False,2,446903,1567,-0.24065,0.61629,-0.24065,0.61629,0
5,6,54,120.00000,-4.00000,6.92820,0,True,110.00000,120.25000,0.25000,2302,False,2,446920,1584,-0.27768,0.67792,-0.27768,0.67792,0
5,6,54,120.00000,-4.00000,6.92820,0,True,110.00000,120.25000,0.25000,2302,False,2,446937,1601,-0.31470,0.71900,-0.31470,0.71900,0
5,6,54,120.00000,-4.00000,6.92820,0,True,110.00000,120.25000,0.25000,2302,False,2,446953,1617,-0.35173,0.78063,-0.35173,0.78063,0
5,6,54,120.00000,-4.00000,6.92820,0,True,110.00000,120.25000,0.25000,2302,False,2,446970,1634,-0.38875,0.82172,-0.38875,0.82172,0
5,6,54,120.00000,-4.00000,6.92820,0,True,110.00000,120.25000,0.25000,2302,False,2,446987,1651,-0.42577,0.90389,-0.42577,0.90389,0
5,6,54,120.00000,-4.00000,6.92820,0,True,110.00000,120.25000,0.25000,2302,False,2,447004,1668,-0.46280,0.94498,-0.46280,0.94498,0
5,6,54,120.00000,-4.00000,6.92820,0,True,110.00000,120.25000,0.25000,2302,False,2,447020,1684,-0.49982,1.00661,-0.49982,1.00661,0
5,6,54,120.00000,-4.00000,6.92820,0,True,110.00000,120.25000,0.25000,2302,False,2,447037,1701,-0.51833,1.04769,-0.51833,1.04769,0
5,6,54,120.00000,-4.00000,6.92820,0,True,110.00000,120.25000,0.25000,2302,False,2,447053,1717,-0.53685,1.08878,-0.53685,1.08878,0
5,6,54,120.00000,-4.00000,6.92820,0,True,110.00000,120.25000,0.25000,2302,False,2,447070,1734,-0.57387,1.12986,-0.57387,1.12986,0
5,6,54,120.00000,-4.00000,6.92820,0,True,110.00000,120.25000,0.25000,2302,False,2,447087,1751,-0.59238,1.17095,-0.59238,1.17095,0
5,6,54,120.00000,-4.00000,6.92820,0,True,110.00000,120.25000,0.25000,2302,False,2,447104,1768,-0.61089,1.23258,-0.61089,1.23258,0
5,6,54,120.00000,-4.00000,6.92820,0,True,110.00000,120.25000,0.25000,2302,False,2,447120,1784,-0.62940,1.27366,-0.62940,1.27366,0
5,6,54,120.00000,-4.00000,6.92820,0,True,110.00000,120.25000,0.25000,2302,False,2,447137,1801,-0.66643,1.33529,-0.66643,1.33529,0
5,6,54,120.00000,-4.00000,6.92820,0,True,110.00000,120.25000,0.25000,2302,False,2,447154,1818,-0.68494,1.37638,-0.68494,1.37638,0
5,6,54,120.00000,-4.00000,6.92820,0,True,110.00000,120.25000,0.25000,2302,False,2,447170,1834,-0.72196,1.43801,-0.72196,1.43801,0
5,6,54,120.00000,-4.00000,6.92820,0,True,110.00000,120.25000,0.25000,2302,False,2,447187,1851,-0.74048,1.49964,-0.74048,1.49964,0
5,6,54,120.00000,-4.00000,6.92820,0,True,110.00000,120.25000,0.25000,2302,False,2,447204,1868,-0.75899,1.54072,-0.75899,1.54072,0
5,6,54,120.00000,-4.00000,6.92820,0,True,110.00000,120.25000,0.25000,2302,False,2,447220,1884,-0.81452,1.60235,-0.81452,1.60235,0
5,6,54,120.00000,-4.00000,6.92820,0,True,110.00000,120.25000,0.25000,2302,False,2,447237,1901,-0.83304,1.66398,-0.83304,1.66398,0
5,6,54,120.00000,-4.00000,6.92820,0,True,110.00000,120.25000,0.25000,2302,False,2,447254,1918,-0.87006,1.72561,-0.87006,1.72561,0
5,6,54,120.00000,-4.00000,6.92820,0,True,110.00000,120.25000,0.25000,2302,False,2,447270,1934,-0.90708,1.78724,-0.90708,1.78724,1
5,6,54,120.00000,-4.00000,6.92820,0,True,110.00000,120.25000,0.25000,2302,False,2,447287,1951,-0.92560,1.82832,-0.92560,1.82832,0
5,6,54,120.00000,-4.00000,6.92820,0,True,110.00000,120.25000,0.25000,2302,False,2,447304,1968,-0.96262,1.86941,-0.96262,1.86941,0
5,6,54,120.00000,-4.00000,6.92820,0,True,110.00000,120.25000,0.25000,2302,False,2,447320,1984,-0.98113,1.93104,-0.98113,1.93104,0
5,6,54,120.00000,-4.00000,6.92820,0,True,110.00000,120.25000,0.25000,2302,False,2,447337,2001,-1.01815,1.99267,-1.01815,1.99267,0
5,6,54,120.00000,-4.00000,6.92820,0,True,110.00000,120.25000,0.25000,2302,False,2,447354,2018,-1.05518,2.03375,-1.05518,2.03375,0
5,6,54,120.00000,-4.00000,6.92820,0,True,110.00000,120.25000,0.25000,2302,False,2,447370,2034,-1.07369,2.07484,-1.07369,2.07484,0
5,6,54,120.00000,-4.00000,6.92820,0,True,110.00000,120.25000,0.25000,2302,False,2,447387,2051,-1.11071,2.13647,-1.11071,2.13647,0
5,6,54,120.00000,-4.00000,6.92820,0,True,110.00000,120.25000,0.25000,2302,False,2,447404,2068,-1.14774,2.17755,-1.14774,2.17755,0
5,6,54,120.00000,-4.00000,6.92820,0,True,110.00000,120.25000,0.25000,2302,False,2,447421,2085,-1.16625,2.23918,-1.16625,2.23918,0
5,6,54,120.00000,-4.00000,6.92820,0,True,110.00000,120.25000,0.25000,2302,False,2,447437,2101,-1.20327,2.28027,-1.20327,2.28027,0
5,6,54,120.00000,-4.00000,6.92820,0,True,110.00000,120.25000,0.25000,2302,False,2,447454,2118,-1.24030,2.34190,-1.24030,2.34190,0
5,6,54,120.00000,-4.00000,6.92820,0,True,110.00000,120.25000,0.25000,2302,False,2,447470,2134,-1.27732,2.38298,-1.27732,2.38298,0
5,6,54,120.00000,-4.00000,6.92820,0,True,110.00000,120.25000,0.25000,2302,False,2,447487,2151,-1.33286,2.44461,-1.33286,2.44461,0
5,6,54,120.00000,-4.00000,6.92820,0,True,110.00000,120.25000,0.25000,2302,False,2,447504,2168,-1.36988,2.50624,-1.36988,2.50624,0
5,6,54,120.00000,-4.00000,6.92820,0,True,110.00000,120.25000,0.25000,2302,False,2,447520,2184,-1.40690,2.54733,-1.40690,2.54733,0
5,6,54,120.00000,-4.00000,6.92820,0,True,110.00000,120.25000,0.25000,2302,False,2,447537,2201,-1.42542,2.58841,-1.42542,2.58841,0
5,6,54,120.00000,-4.00000,6.92820,0,True,110.00000,120.25000,0.25000,2302,False,2,447554,2218,-1.48095,2.67059,-1.48095,2.67059,0
5,6,54,120.00000,-4.00000,6.92820,0,True,110.00000,120.25000,0.25000,2302,False,2,447571,2235,-1.49946,2.71167,-1.49946,2.71167,0
5,6,54,120.00000,-4.00000,6.92820,0,True,110.00000,120.25000,0.25000,2302,False,2,447587,2251,-1.53649,2.77330,-1.53649,2.77330,0
5,6,54,120.00000,-4.00000,6.92820,0,True,110.00000,120.25000,0.25000,2302,False,2,447604,2268,-1.55500,2.81439,-1.55500,2.81439,0
5,6,54,120.00000,-4.00000,6.92820,0,True,110.00000,120.25000,0.25000,2302,False,2,447621,2285,-1.57351,2.85547,-1.57351,2.85547,0
5,6,54,120.00000,-4.00000,6.92820,0,True,110.00000,120.25000,0.25000,2302,False,2,447637,2301,-1.61054,2.91710,-1.61054,2.91710,0
5,6,54,120.00000,-4.00000,6.92820,0,True,110.00000,120.25000,0.25000,2302,False,2,447654,2318,-1.62905,2.95819,-1.62905,2.95819,0
5,6,54,120.00000,-4.00000,6.92820,0,True,110.00000,120.25000,0.25000,2302,False,2,447671,2335,-1.66607,3.01982,-1.66607,3.01982,0
5,6,54,120.00000,-4.00000,6.92820,0,True,110.00000,120.25000,0.25000,2302,False,2,447687,2351,-1.68458,3.08144,-1.68458,3.08144,0
5,6,54,120.00000,-4.00000,6.92820,0,True,110.00000,120.25000,0.25000,2302,False,2,447704,2368,-1.72161,3.12253,-1.72161,3.12253,0
5,6,54,120.00000,-4.00000,6.92820,0,True,110.00000,120.25000,0.25000,2302,False,2,447721,2385,-1.75863,3.16362,-1.75863,3.16362,0
5,6,54,120.00000,-4.00000,6.92820,0,True,110.00000,120.25000,0.25000,2302,False,2,447737,2401,-1.79565,3.22525,-1.79565,3.22525,0
5,6,54,120.00000,-4.00000,6.92820,0,True,110.00000,120.25000,0.25000,2302,False,2,447754,2418,-1.81417,3.26633,-1.81417,3.26633,0
5,6,54,120.00000,-4.00000,6.92820,0,True,110.00000,120.25000,0.25000,2302,False,2,447771,2435,-1.83268,3.30742,-1.83268,3.30742,0
5,6,54,120.00000,-4.00000,6.92820,0,True,110.00000,120.25000,0.25000,2302,False,2,447787,2451,-1.86970,3.36905,-1.86970,3.36905,0
5,6,54,120.00000,-4.00000,6.92820,0,True,110.00000,120.25000,0.25000,2302,False,2,447804,2468,-1.88821,3.41013,-1.88821,3.41013,0
5,6,54,120.00000,-4.00000,6.92820,0,True,110.00000,120.25000,0.25000,2302,False,2,447821,2485,-1.90673,3.47176,-1.90673,3.47176,0
5,6,54,120.00000,-4.00000,6.92820,0,True,110.00000,120.25000,0.25000,2302,False,2,447837,2501,-1.94375,3.51285,-1.94375,3.51285,0
5,6,54,120.00000,-4.00000,6.92820,0,True,110.00000,120.25000,0.25000,2302,False,2,447854,2518,-1.96226,3.55393,-1.96226,3.55393,0
5,6,54,120.00000,-4.00000,6.92820,0,True,110.00000,120.25000,0.25000,2302,False,2,447871,2535,-1.96226,3.61556,-1.96226,3.61556,0
5,6,54,120.00000,-4.00000,6.92820,0,True,110.00000,120.25000,0.25000,2302,False,2,447888,2552,-1.99929,3.67719,-1.99929,3.67719,0
5,6,54,120.00000,-4.00000,6.92820,0,True,110.00000,120.25000,0.25000,2302,False,2,447904,2568,-2.01780,3.71828,-2.01780,3.71828,0
5,6,54,120.00000,-4.00000,6.92820,0,True,110.00000,120.25000,0.25000,2302,False,2,447921,2585,-2.03631,3.75936,-2.03631,3.75936,0
5,6,54,120.00000,-4.00000,6.92820,0,True,110.00000,120.25000,0.25000,2302,False,2,447938,2602,-2.07333,3.80045,-2.07333,3.80045,0
5,6,54,120.00000,-4.00000,6.92820,0,True,110.00000,120.25000,0.25000,2302,False,2,447954,2618,-2.09185,3.84153,-2.09185,3.84153,0
5,6,54,120.00000,-4.00000,6.92820,0,True,110.00000,120.25000,0.25000,2302,False,2,447971,2635,-2.12887,3.90316,-2.12887,3.90316,0
5,6,54,120.00000,-4.00000,6.92820,0,True,110.00000,120.25000,0.25000,2302,False,2,447988,2652,-2.14738,3.96479,-2.14738,3.96479,0
5,6,54,120.00000,-4.00000,6.92820,0,True,110.00000,120.25000,0.25000,2302,False,2,448004,2668,-2.18440,4.00588,-2.18440,4.00588,0
5,6,54,120.00000,-4.00000,6.92820,0,True,110.00000,120.25000,0.25000,2302,False,2,448021,2685,-2.22143,4.06751,-2.22143,4.06751,0
5,6,54,120.00000,-4.00000,6.92820,0,True,110.00000,120.25000,0.25000,2302,False,2,448037,2701,-2.23994,4.10859,-2.23994,4.10859,0
5,6,54,120.00000,-4.00000,6.92820,0,True,110.00000,120.25000,0.25000,2302,False,2,448054,2718,-2.29548,4.19076,-2.29548,4.19076,0
5,6,54,120.00000,-4.00000,6.92820,0,True,110.00000,120.25000,0.25000,2302,False,2,448071,2735,-2.31399,4.23185,-2.31399,4.23185,0
5,6,54,120.00000,-4.00000,6.92820,0,True,110.00000,120.25000,0.25000,2302,False,2,448088,2752,-2.33250,4.27294,-2.33250,4.27294,0
5,6,54,120.00000,-4.00000,6.92820,0,True,110.00000,120.25000,0.25000,2302,False,2,448104,2768,-2.36952,4.33457,-2.36952,4.33457,0
5,6,54,120.00000,-4.00000,6.92820,0,True,110.00000,120.25000,0.25000,2302,False,2,448121,2785,-2.40655,4.39619,-2.40655,4.39619,0
5,6,54,120.00000,-4.00000,6.92820,0,True,110.00000,120.25000,0.25000,2302,False,2,448138,2802,-2.42506,4.43728,-2.42506,4.43728,0
5,6,54,120.00000,-4.00000,6.92820,0,True,110.00000,120.25000,0.25000,2302,False,2,448154,2818,-2.48060,4.49891,-2.48060,4.49891,0
5,6,54,120.00000,-4.00000,6.92820,0,True,110.00000,120.25000,0.25000,2302,False,2,448171,2835,-2.49911,4.56054,-2.49911,4.56054,0
5,6,54,120.00000,-4.00000,6.92820,0,True,110.00000,120.25000,0.25000,2302,False,2,448188,2852,-2.53613,4.60162,-2.53613,4.60162,0
5,6,54,120.00000,-4.00000,6.92820,0,True,110.00000,120.25000,0.25000,2302,False,2,448204,2868,-2.59167,4.66325,-2.59167,4.66325,0
5,6,54,120.00000,-4.00000,6.92820,0,True,110.00000,120.25000,0.25000,2302,False,2,448221,2885,-2.62869,4.70434,-2.62869,4.70434,0
5,6,54,120.00000,-4.00000,6.92820,0,True,110.00000,120.25000,0.25000,2302,False,2,448238,2902,-2.68423,4.76597,-2.68423,4.76597,0
5,6,54,120.00000,-4.00000,6.92820,0,True,110.00000,120.25000,0.25000,2302,False,2,448254,2918,-2.72125,4.82760,-2.72125,4.82760,0
5,6,54,120.00000,-4.00000,6.92820,0,True,110.00000,120.25000,0.25000,2302,False,2,448271,2935,-2.75827,4.86868,-2.75827,4.86868,0
5,6,54,120.00000,-4.00000,6.92820,0,True,110.00000,120.25000,0.25000,2302,False,2,448288,2952,-2.77679,4.90977,-2.77679,4.90977,0
5,6,54,120.00000,-4.00000,6.92820,0,True,110.00000,120.25000,0.25000,2302,False,2,448305,2969,-2.83232,4.99194,-2.83232,4.99194,0
5,6,54,120.00000,-4.00000,6.92820,0,True,110.00000,120.25000,0.25000,2302,False,2,448321,2985,-2.88786,5.05357,-2.88786,5.05357,0
5,6,54,120.00000,-4.00000,6.92820,0,True,110.00000,120.25000,0.25000,2302,False,2,448338,3002,-2.92488,5.11520,-2.92488,5.11520,0
5,6,54,120.00000,-4.00000,6.92820,0,True,110.00000,120.25000,0.25000,2302,False,2,448354,3018,-2.96190,5.17683,-2.96190,5.17683,0
5,6,54,120.00000,-4.00000,6.92820,0,True,110.00000,120.25000,0.25000,2302,False,2,448371,3035,-2.98042,5.23846,-2.98042,5.23846,0
5,6,54,120.00000,-4.00000,6.92820,0,True,110.00000,120.25000,0.25000,2302,False,2,448388,3052,-3.03595,5.30008,-3.03595,5.30008,0
5,6,54,120.00000,-4.00000,6.92820,0,True,110.00000,120.25000,0.25000,2302,False,2,448405,3069,-3.05446,5.36171,-3.05446,5.36171,0
5,6,54,120.00000,-4.00000,6.92820,0,True,110.00000,120.25000,0.25000,2302,False,2,448421,3085,-3.09149,5.40280,-3.09149,5.40280,0
5,6,54,120.00000,-4.00000,6.92820,0,True,110.00000,120.25000,0.25000,2302,False,2,448438,3102,-3.12851,5.48497,-3.12851,5.48497,0
5,6,54,120.00000,-4.00000,6.92820,0,True,110.00000,120.25000,0.25000,2302,False,2,448455,3119,-3.14702,5.52606,-3.14702,5.52606,0
5,6,54,120.00000,-4.00000,6.92820,0,True,110.00000,120.25000,0.25000,2302,False,2,448471,3135,-3.18405,5.58769,-3.18405,5.58769,0
5,6,54,120.00000,-4.00000,6.92820,0,True,110.00000,120.25000,0.25000,2302,False,2,448488,3152,-3.22107,5.62877,-3.22107,5.62877,0
5,6,54,120.00000,-4.00000,6.92820,0,True,110.00000,120.25000,0.25000,2302,False,2,448504,3168,-3.23958,5.66986,-3.23958,5.66986,0
5,6,54,120.00000,-4.00000,6.92820,0,True,110.00000,120.25000,0.25000,2302,False,2,448521,3185,-3.25810,5.71094,-3.25810,5.71094,0
5,6,54,120.00000,-4.00000,6.92820,0,True,110.00000,120.25000,0.25000,2302,False,2,448538,3202,-3.29512,5.75203,-3.29512,5.75203,0
5,6,54,120.00000,-4.00000,6.92820,0,True,110.00000,120.25000,0.25000,2302,False,2,448555,3219,-3.33214,5.79312,-3.33214,5.79312,0
5,6,54,120.00000,-4.00000,6.92820,0,True,110.00000,120.25000,0.25000,2302,False,2,448571,3235,-3.38768,5.83420,-3.38768,5.83420,0
5,6,54,120.00000,-4.00000,6.92820,0,True,110.00000,120.25000,0.25000,2302,False,2,448588,3252,-3.40619,5.87529,-3.40619,5.87529,0
5,6,54,120.00000,-4.00000,6.92820,0,True,110.00000,120.25000,0.25000,2302,False,2,448605,3269,-3.44321,5.89583,-3.44321,5.89583,0
5,6,54,120.00000,-4.00000,6.92820,0,True,110.00000,120.25000,0.25000,2302,False,2,448621,3285,-3.46173,5.93692,-3.46173,5.93692,0
5,6,54,120.00000,-4.00000,6.92820,0,True,110.00000,120.25000,0.25000,2302,False,2,448638,3302,-3.49875,5.97800,-3.49875,5.97800,0
5,6,54,120.00000,-4.00000,6.92820,0,True,110.00000,120.25000,0.25000,2302,False,2,448655,3319,-3.51726,6.01909,-3.51726,6.01909,0
5,6,54,120.00000,-4.00000,6.92820,0,True,110.00000,120.25000,0.25000,2302,False,2,448671,3335,-3.55429,6.06017,-3.55429,6.06017,0
5,6,54,120.00000,-4.00000,6.92820,0,True,110.00000,120.25000,0.25000,2302,False,2,448688,3352,-3.57280,6.10126,-3.57280,6.10126,0
5,6,54,120.00000,-4.00000,6.92820,0,True,110.00000,120.25000,0.25000,2302,False,2,448704,3368,-3.59131,6.14235,-3.59131,6.14235,0
5,6,54,120.00000,-4.00000,6.92820,0,True,110.00000,120.25000,0.25000,2302,False,2,448721,3385,-3.60982,6.16289,-3.60982,6.16289,0
5,6,54,120.00000,-4.00000,6.92820,0,True,110.00000,120.25000,0.25000,2302,False,2,448738,3402,-3.64685,6.20397,-3.64685,6.20397,0
5,6,54,120.00000,-4.00000,6.92820,0,True,110.00000,120.25000,0.25000,2302,False,2,448754,3418,-3.66536,6.22452,-3.66536,6.22452,0
5,6,54,120.00000,-4.00000,6.92820,0,True,110.00000,120.25000,0.25000,2302,False,2,448771,3435,-3.68387,6.26560,-3.68387,6.26560,0
5,6,54,120.00000,-4.00000,6.92820,0,True,110.00000,120.25000,0.25000,2302,False,2,448788,3452,-3.70238,6.28615,-3.70238,6.28615,0
5,6,54,120.00000,-4.00000,6.92820,0,True,110.00000,120.25000,0.25000,2302,False,2,448804,3468,-3.70238,6.32723,-3.70238,6.32723,0
5,6,54,120.00000,-4.00000,6.92820,0,True,110.00000,120.25000,0.25000,2302,False,2,448822,3486,-3.72089,6.34778,-3.72089,6.34778,0
5,6,54,120.00000,-4.00000,6.92820,0,True,110.00000,120.25000,0.25000,2302,False,2,448838,3502,-3.72089,6.36832,-3.72089,6.36832,0
5,6,54,120.00000,-4.00000,6.92820,0,True,110.00000,120.25000,0.25000,2302,False,2,448855,3519,-3.73940,6.38886,-3.73940,6.38886,0
5,6,54,120.00000,-4.00000,6.92820,0,True,110.00000,120.25000,0.25000,2302,False,2,448872,3536,-3.73940,6.42995,-3.73940,6.42995,0
5,6,54,120.00000,-4.00000,6.92820,0,True,110.00000,120.25000,0.25000,2302,False,2,448888,3552,-3.75792,6.45049,-3.75792,6.45049,0
5,6,54,120.00000,-4.00000,6.92820,0,True,110.00000,120.25000,0.25000,2302,False,2,448905,3569,-3.77643,6.47103,-3.77643,6.47103,0
5,6,54,120.00000,-4.00000,6.92820,0,True,110.00000,120.25000,0.25000,2302,False,2,448922,3586,-3.79494,6.51212,-3.79494,6.51212,0
5,6,54,120.00000,-4.00000,6.92820,0,True,110.00000,120.25000,0.25000,2302,False,2,448938,3602,-3.81345,6.53266,-3.81345,6.53266,0
5,6,54,120.00000,-4.00000,6.92820,0,True,110.00000,120.25000,0.25000,2302,False,2,448955,3619,-3.83196,6.55321,-3.83196,6.55321,0
5,6,54,120.00000,-4.00000,6.92820,0,True,110.00000,120.25000,0.25000,2302,False,2,448972,3636,-3.85048,6.59429,-3.85048,6.59429,0
5,6,54,120.00000,-4.00000,6.92820,0,True,110.00000,120.25000,0.25000,2302,False,2,448988,3652,-3.86899,6.61483,-3.86899,6.61483,0
5,6,54,120.00000,-4.00000,6.92820,0,True,110.00000,120.25000,0.25000,2302,False,2,449005,3669,-3.88750,6.65592,-3.88750,6.65592,0
5,6,54,120.00000,-4.00000,6.92820,0,True,110.00000,120.25000,0.25000,2302,False,2,449022,3686,-3.90601,6.67646,-3.90601,6.67646,0
5,6,54,120.00000,-4.00000,6.92820,0,True,110.00000,120.25000,0.25000,2302,False,2,449038,3702,-3.90601,6.69701,-3.90601,6.69701,0
5,6,54,120.00000,-4.00000,6.92820,0,True,110.00000,120.25000,0.25000,2302,False,3,449055,3719,-3.92452,6.73809,-3.92452,6.73809,0
5,6,54,120.00000,-4.00000,6.92820,0,True,110.00000,120.25000,0.25000,2302,False,3,449072,3736,-3.92452,6.75864,-3.92452,6.75864,0
5,6,54,120.00000,-4.00000,6.92820,0,True,110.00000,120.25000,0.25000,2302,False,3,449088,3752,-3.92452,6.77918,-3.92452,6.77918,0
5,6,54,120.00000,-4.00000,6.92820,0,True,110.00000,120.25000,0.25000,2302,False,3,449105,3769,-3.92452,6.79972,-3.92452,6.79972,0
5,6,54,120.00000,-4.00000,6.92820,0,True,110.00000,120.25000,0.25000,2302,False,3,449122,3786,-3.94304,6.82026,-3.94304,6.82026,0
5,6,54,120.00000,-4.00000,6.92820,0,True,110.00000,120.25000,0.25000,2302,False,3,449138,3802,-3.94304,6.84081,-3.94304,6.84081,0
5,6,54,120.00000,-4.00000,6.92820,0,True,110.00000,120.25000,0.25000,2302,False,3,449155,3819,-3.94304,6.86135,-3.94304,6.86135,0
5,6,54,120.00000,-4.00000,6.92820,0,True,110.00000,120.25000,0.25000,2302,False,3,449172,3836,-3.94304,6.86135,-3.94304,6.86135,0
5,6,54,120.00000,-4.00000,6.92820,0,True,110.00000,120.25000,0.25000,2302,False,3,449189,3853,-3.94304,6.88189,-3.94304,6.88189,0
5,6,54,120.00000,-4.00000,6.92820,0,True,110.00000,120.25000,0.25000,2302,False,3,449205,3869,-3.94304,6.88189,-3.94304,6.88189,0
5,6,54,120.00000,-4.00000,6.92820,0,True,110.00000,120.25000,0.25000,2302,False,3,449222,3886,-3.94304,6.88189,-3.94304,6.88189,0
5,6,54,120.00000,-4.00000,6.92820,0,True,110.00000,120.25000,0.25000,2302,False,3,449238,3902,-3.94304,6.90244,-3.94304,6.90244,0
5,6,54,120.00000,-4.00000,6.92820,0,True,110.00000,120.25000,0.25000,2302,False,3,449255,3919,-3.94304,6.90244,-3.94304,6.90244,0
5,6,54,120.00000,-4.00000,6.92820,0,True,110.00000,120.25000,0.25000,2302,False,3,449272,3936,-3.94304,6.90244,-3.94304,6.90244,0
5,6,54,120.00000,-4.00000,6.92820,0,True,110.00000,120.25000,0.25000,2302,False,3,449289,3953,-3.94304,6.90244,-3.94304,6.90244,0
5,6,54,120.00000,-4.00000,6.92820,0,True,110.00000,120.25000,0.25000,2302,False,3,449305,3969,-3.96155,6.88189,-3.96155,6.88189,0
5,6,54,120.00000,-4.00000,6.92820,0,True,110.00000,120.25000,0.25000,2302,False,3,449322,3986,-3.96155,6.88189,-3.96155,6.88189,0
5,6,54,120.00000,-4.00000,6.92820,0,True,110.00000,120.25000,0.25000,2302,False,3,449339,4003,-3.96155,6.86135,-3.96155,6.86135,0
5,6,54,120.00000,-4.00000,6.92820,0,True,110.00000,120.25000,0.25000,2302,False,3,449355,4019,-3.98006,6.84081,-3.98006,6.84081,0
5,6,54,120.00000,-4.00000,6.92820,0,True,110.00000,120.25000,0.25000,2302,False,3,449372,4036,-3.98006,6.82026,-3.98006,6.82026,0
5,6,54,120.00000,-4.00000,6.92820,0,True,110.00000,120.25000,0.25000,2302,False,3,449389,4053,-3.98006,6.79972,-3.98006,6.79972,0
5,6,54,120.00000,-4.00000,6.92820,0,True,110.00000,120.25000,0.25000,2302,False,3,449405,4069,-3.98006,6.75864,-3.98006,6.75864,0
5,6,54,120.00000,-4.00000,6.92820,0,True,110.00000,120.25000,0.25000,2302,False,3,449422,4086,-3.98006,6.71755,-3.98006,6.71755,0
5,6,54,120.00000,-4.00000,6.92820,0,True,110.00000,120.25000,0.25000,2302,False,3,449439,4103,-3.96155,6.67646,-3.96155,6.67646,0
5,6,54,120.00000,-4.00000,6.92820,0,True,110.00000,120.25000,0.25000,2302,False,3,449455,4119,-3.94304,6.63538,-3.94304,6.63538,0
5,6,54,120.00000,-4.00000,6.92820,0,True,110.00000,120.25000,0.25000,2302,False,3,449472,4136,-3.92452,6.59429,-3.92452,6.59429,0
5,6,54,120.00000,-4.00000,6.92820,0,True,110.00000,120.25000,0.25000,2302,False,3,449489,4153,-3.88750,6.53266,-3.88750,6.53266,0
5,6,54,120.00000,-4.00000,6.92820,0,True,110.00000,120.25000,0.25000,2302,False,3,449506,4170,-3.86899,6.49158,-3.86899,6.49158,0
5,6,54,120.00000,-4.00000,6.92820,0,True,110.00000,120.25000,0.25000,2302,False,3,449522,4186,-3.83196,6.42995,-3.83196,6.42995,0
5,6,54,120.00000,-4.00000,6.92820,0,True,110.00000,120.25000,0.25000,2302,False,3,449539,4203,-3.81345,6.36832,-3.81345,6.36832,0
5,6,54,120.00000,-4.00000,6.92820,0,True,110.00000,120.25000,0.25000,2302,False,3,449555,4219,-3.75792,6.30669,-3.75792,6.30669,0
5,6,54,120.00000,-4.00000,6.92820,0,True,110.00000,120.25000,0.25000,2302,False,3,449572,4236,-3.72089,6.24506,-3.72089,6.24506,0
5,6,54,120.00000,-4.00000,6.92820,0,True,110.00000,120.25000,0.25000,2302,False,3,449589,4253,-3.68387,6.18343,-3.68387,6.18343,0
5,6,54,120.00000,-4.00000,6.92820,0,True,110.00000,120.25000,0.25000,2302,False,3,449605,4269,-3.62833,6.12180,-3.62833,6.12180,0
5,6,54,120.00000,-4.00000,6.92820,0,True,110.00000,120.25000,0.25000,2302,False,3,449622,4286,-3.59131,6.06017,-3.59131,6.06017,0
5,6,54,120.00000,-4.00000,6.92820,0,True,110.00000,120.25000,0.25000,2302,False,3,449639,4303,-3.49875,5.97800,-3.49875,5.97800,0
5,6,54,120.00000,-4.00000,6.92820,0,True,110.00000,120.25000,0.25000,2302,False,3,449655,4319,-3.44321,5.91637,-3.44321,5.91637,0
5,6,54,120.00000,-4.00000,6.92820,0,True,110.00000,120.25000,0.25000,2302,False,3,449672,4336,-3.36917,5.81366,-3.36917,5.81366,0
5,6,54,120.00000,-4.00000,6.92820,0,True,110.00000,120.25000,0.25000,2302,False,3,449689,4353,-3.31363,5.75203,-3.31363,5.75203,0
5,6,54,120.00000,-4.00000,6.92820,0,True,110.00000,120.25000,0.25000,2302,False,3,449705,4369,-3.22107,5.64931,-3.22107,5.64931,0
5,6,54,120.00000,-4.00000,6.92820,0,True,110.00000,120.25000,0.25000,2302,False,3,449722,4386,-3.16554,5.56714,-3.16554,5.56714,0
5,6,54,120.00000,-4.00000,6.92820,0,True,110.00000,120.25000,0.25000,2302,False,3,449739,4403,-3.07298,5.48497,-3.07298,5.48497,0
5,6,54,120.00000,-4.00000,6.92820,0,True,110.00000,120.25000,0.25000,2302,False,3,449756,4420,-2.99893,5.40280,-2.99893,5.40280,0
5,6,54,120.00000,-4.00000,6.92820,0,True,110.00000,120.25000,0.25000,2302,False,3,449772,4436,-2.90637,5.30008,-2.90637,5.30008,0
5,6,54,120.00000,-4.00000,6.92820,0,True,110.00000,120.25000,0.25000,2302,False,3,449789,4453,-2.85083,5.23846,-2.85083,5.23846,0
5,6,54,120.00000,-4.00000,6.92820,0,True,110.00000,120.25000,0.25000,2302,False,3,449806,4470,-2.77679,5.15628,-2.77679,5.15628,0
5,6,54,120.00000,-4.00000,6.92820,0,True,110.00000,120.25000,0.25000,2302,False,3,449822,4486,-2.68423,5.03303,-2.68423,5.03303,0
5,6,54,120.00000,-4.00000,6.92820,0,True,110.00000,120.25000,0.25000,2302,False,3,449839,4503,-2.61018,4.95085,-2.61018,4.95085,0
5,6,54,120.00000,-4.00000,6.92820,0,True,110.00000,120.25000,0.25000,2302,False,3,449856,4520,-2.53613,4.86868,-2.53613,4.86868,0
5,6,54,120.00000,-4.00000,6.92820,0,True,110.00000,120.25000,0.25000,2302,False,3,449872,4536,-2.48060,4.76597,-2.48060,4.76597,0
5,6,54,120.00000,-4.00000,6.92820,0,True,110.00000,120.25000,0.25000,2302,False,3,449889,4553,-2.38804,4.66325,-2.38804,4.66325,0
5,6,54,120.00000,-4.00000,6.92820,0,True,110.00000,120.25000,0.25000,2302,False,3,449906,4570,-2.33250,4.58108,-2.33250,4.58108,0
5,6,54,120.00000,-4.00000,6.92820,0,True,110.00000,120.25000,0.25000,2302,False,3,449922,4586,-2.25845,4.47837,-2.25845,4.47837,0
5,6,54,120.00000,-4.00000,6.92820,0,True,110.00000,120.25000,0.25000,2302,False,3,449939,4603,-2.20292,4.39619,-2.20292,4.39619,0
5,6,54,120.00000,-4.00000,6.92820,0,True,110.00000,120.25000,0.25000,2302,False,3,449956,4620,-2.16589,4.31402,-2.16589,4.31402,0
5,6,54,120.00000,-4.00000,6.92820,0,True,110.00000,120.25000,0.25000,2302,False,3,449972,4636,-2.11036,4.25239,-2.11036,4.25239,0
5,6,54,120.00000,-4.00000,6.92820,0,True,110.00000,120.25000,0.25000,2302,False,3,449989,4653,-2.03631,4.12914,-2.03631,4.12914,0
5,6,54,120.00000,-4.00000,6.92820,0,True,110.00000,120.25000,0.25000,2302,False,3,450006,4670,-1.98077,4.02642,-1.98077,4.02642,0
5,6,54,120.00000,-4.00000,6.92820,0,True,110.00000,120.25000,0.25000,2302,False,3,450022,4686,-1.92524,3.94425,-1.92524,3.94425,0
5,6,54,120.00000,-4.00000,6.92820,0,True,110.00000,120.25000,0.25000,2302,False,3,450039,4703,-1.86970,3.86208,-1.86970,3.86208,0
5,6,54,120.00000,-4.00000,6.92820,0,True,110.00000,120.25000,0.25000,2302,False,3,450056,4720,-1.81417,3.75936,-1.81417,3.75936,0
5,6,54,120.00000,-4.00000,6.92820,0,True,110.00000,120.25000,0.25000,2302,False,3,450073,4737,-1.75863,3.69773,-1.75863,3.69773,0
5,6,54,120.00000,-4.00000,6.92820,0,True,110.00000,120.25000,0.25000,2302,False,3,450089,4753,-1.70310,3.59502,-1.70310,3.59502,0
5,6,54,120.00000,-4.00000,6.92820,0,True,110.00000,120.25000,0.25000,2302,False,3,450106,4770,-1.64756,3.53339,-1.64756,3.53339,0
5,6,54,120.00000,-4.00000,6.92820,0,True,110.00000,120.25000,0.25000,2302,False,3,450122,4786,-1.61054,3.47176,-1.61054,3.47176,0
5,6,54,120.00000,-4.00000,6.92820,0,True,110.00000,120.25000,0.25000,2302,False,3,450139,4803,-1.57351,3.41013,-1.57351,3.41013,0
5,6,54,120.00000,-4.00000,6.92820,0,True,110.00000,120.25000,0.25000,2302,False,3,450156,4820,-1.49946,3.32796,-1.49946,3.32796,0
5,6,54,120.00000,-4.00000,6.92820,0,True,110.00000,120.25000,0.25000,2302,False,3,450173,4837,-1.44393,3.26633,-1.44393,3.26633,0
5,6,54,120.00000,-4.00000,6.92820,0,True,110.00000,120.25000,0.25000,2302,False,3,450189,4853,-1.38839,3.20470,-1.38839,3.20470,0
5,6,54,120.00000,-4.00000,6.92820,0,True,110.00000,120.25000,0.25000,2302,False,3,450206,4870,-1.33286,3.12253,-1.33286,3.12253,0
5,6,54,120.00000,-4.00000,6.92820,0,True,110.00000,120.25000,0.25000,2302,False,3,450223,4887,-1.27732,3.04036,-1.27732,3.04036,0
5,6,54,120.00000,-4.00000,6.92820,0,True,110.00000,120.25000,0.25000,2302,False,3,450239,4903,-1.20327,2.93764,-1.20327,2.93764,0
5,6,54,120.00000,-4.00000,6.92820,0,True,110.00000,120.25000,0.25000,2302,False,3,450256,4920,-1.16625,2.87601,-1.16625,2.87601,0
5,6,54,120.00000,-4.00000,6.92820,0,True,110.00000,120.25000,0.25000,2302,False,3,450273,4937,-1.11071,2.81439,-1.11071,2.81439,0
5,6,54,120.00000,-4.00000,6.92820,0,True,110.00000,120.25000,0.25000,2302,False,3,450289,4953,-1.07369,2.75276,-1.07369,2.75276,0
5,6,54,120.00000,-4.00000,6.92820,0,True,110.00000,120.25000,0.25000,2302,False,3,450306,4970,-0.99964,2.67059,-0.99964,2.67059,0
5,6,54,120.00000,-4.00000,6.92820,0,True,110.00000,120.25000,0.25000,2302,False,3,450323,4987,-0.96262,2.60896,-0.96262,2.60896,0
5,6,54,120.00000,-4.00000,6.92820,0,True,110.00000,120.25000,0.25000,2302,False,3,450339,5003,-0.90708,2.52678,-0.90708,2.52678,0
5,6,54,120.00000,-4.00000,6.92820,0,True,110.00000,120.25000,0.25000,2302,False,3,450356,5020,-0.85155,2.46516,-0.85155,2.46516,0
5,6,54,120.00000,-4.00000,6.92820,0,True,110.00000,120.25000,0.25000,2302,False,3,450373,5037,-0.81452,2.40353,-0.81452,2.40353,0
5,6,54,120.00000,-4.00000,6.92820,0,True,110.00000,120.25000,0.25000,2302,False,3,450389,5053,-0.79601,2.34190,-0.79601,2.34190,0
5,6,54,120.00000,-4.00000,6.92820,0,True,110.00000,120.25000,0.25000,2302,False,3,450406,5070,-0.75899,2.30081,-0.75899,2.30081,0
5,6,54,120.00000,-4.00000,6.92820,0,True,110.00000,120.25000,0.25000,2302,False,3,450423,5087,-0.74048,2.23918,-0.74048,2.23918,0
5,6,54,120.00000,-4.00000,6.92820,0,True,110.00000,120.25000,0.25000,2302,False,3,450439,5103,-0.72196,2.19810,-0.72196,2.19810,0
5,6,54,120.00000,-4.00000,6.92820,0,True,110.00000,120.25000,0.25000,2302,False,3,450456,5120,-0.68494,2.13647,-0.68494,2.13647,0
5,6,54,120.00000,-4.00000,6.92820,0,True,110.00000,120.25000,0.25000,2302,False,3,450473,5137,-0.66643,2.09538,-0.66643,2.09538,0
5,6,54,120.00000,-4.00000,6.92820,0,True,110.00000,120.25000,0.25000,2302,False,3,450489,5153,-0.62940,2.03375,-0.62940,2.03375,0
5,6,54,120.00000,-4.00000,6.92820,0,True,110.00000,120.25000,0.25000,2302,False,3,450506,5170,-0.61089,1.99267,-0.61089,1.99267,0
5,6,54,120.00000,-4.00000,6.92820,0,True,110.00000,120.25000,0.25000,2302,False,3,450523,5187,-0.57387,1.95158,-0.57387,1.95158,0
5,6,54,120.00000,-4.00000,6.92820,0,True,110.00000,120.25000,0.25000,2302,False,3,450540,5204,-0.53685,1.88995,-0.53685,1.88995,0
5,6,54,120.00000,-4.00000,6.92820,0,True,110.00000,120.25000,0.25000,2302,False,3,450556,5220,-0.48131,1.84887,-0.48131,1.84887,0
5,6,54,120.00000,-4.00000,6.92820,0,True,110.00000,120.25000,0.25000,2302,False,3,450573,5237,-0.42577,1.78724,-0.42577,1.78724,0
5,6,54,120.00000,-4.00000,6.92820,0,True,110.00000,120.25000,0.25000,2302,False,3,450589,5253,-0.37024,1.74615,-0.37024,1.74615,0
5,6,54,120.00000,-4.00000,6.92820,0,True,110.00000,120.25000,0.25000,2302,False,3,450606,5270,-0.31470,1.70507,-0.31470,1.70507,0
5,6,54,120.00000,-4.00000,6.92820,0,True,110.00000,120.25000,0.25000,2302,False,3,450623,5287,-0.25917,1.64344,-0.25917,1.64344,0
5,6,54,120.00000,-4.00000,6.92820,0,True,110.00000,120.25000,0.25000,2302,False,3,450640,5304,-0.18512,1.58181,-0.18512,1.58181,0
5,6,54,120.00000,-4.00000,6.92820,0,True,110.00000,120.25000,0.25000,2302,False,3,450656,5320,-0.11107,1.52018,-0.11107,1.52018,0
5,6,54,120.00000,-4.00000,6.92820,0,True,110.00000,120.25000,0.25000,2302,False,3,450673,5337,-0.05554,1.47909,-0.05554,1.47909,0
5,6,54,120.00000,-4.00000,6.92820,0,True,110.00000,120.25000,0.25000,2302,False,3,450690,5354,0.00000,1.43801,0.00000,1.43801,0
5,6,54,120.00000,-4.00000,6.92820,0,True,110.00000,120.25000,0.25000,2302,False,3,450706,5370,0.05554,1.39692,0.05554,1.39692,0
5,6,54,120.00000,-4.00000,6.92820,0,True,110.00000,120.25000,0.25000,2302,False,3,450723,5387,0.11107,1.35584,0.11107,1.35584,0
5,6,54,120.00000,-4.00000,6.92820,0,True,110.00000,120.25000,0.25000,2302,False,3,450740,5404,0.14810,1.33529,0.14810,1.33529,0
5,6,54,120.00000,-4.00000,6.92820,0,True,110.00000,120.25000,0.25000,2302,False,3,450757,5421,0.20363,1.29421,0.20363,1.29421,0
5,6,54,120.00000,-4.00000,6.92820,0,True,110.00000,120.25000,0.25000,2302,False,3,450773,5437,0.25917,1.25312,0.25917,1.25312,0
5,6,54,120.00000,-4.00000,6.92820,0,True,110.00000,120.25000,0.25000,2302,False,3,450790,5454,0.29619,1.23258,0.29619,1.23258,0
5,6,54,120.00000,-4.00000,6.92820,0,True,110.00000,120.25000,0.25000,2302,False,3,450806,5470,0.33321,1.19149,0.33321,1.19149,0
5,6,54,120.00000,-4.00000,6.92820,0,True,110.00000,120.25000,0.25000,2302,False,3,450823,5487,0.38875,1.15041,0.38875,1.15041,0
5,6,54,120.00000,-4.00000,6.92820,0,True,110.00000,120.25000,0.25000,2302,False,3,450840,5504,0.40726,1.12986,0.40726,1.12986,0
5,6,54,120.00000,-4.00000,6.92820,0,True,110.00000,120.25000,0.25000,2302,False,3,450856,5520,0.44429,1.10932,0.44429,1.10932,0
5,6,54,120.00000,-4.00000,6.92820,0,True,110.00000,120.25000,0.25000,2302,False,3,450873,5537,0.46280,1.06823,0.46280,1.06823,0
5,6,54,120.00000,-4.00000,6.92820,0,True,110.00000,120.25000,0.25000,2302,False,3,450890,5554,0.48131,1.04769,0.48131,1.04769,0
5,6,54,120.00000,-4.00000,6.92820,0,True,110.00000,120.25000,0.25000,2302,False,3,450907,5571,0.51833,1.00661,0.51833,1.00661,0
5,6,54,120.00000,-4.00000,6.92820,0,True,110.00000,120.25000,0.25000,2302,False,3,450923,5587,0.55536,0.98606,0.55536,0.98606,0
5,6,54,120.00000,-4.00000,6.92820,0,True,110.00000,120.25000,0.25000,2302,False,3,450940,5604,0.57387,0.96552,0.57387,0.96552,0
5,6,54,120.00000,-4.00000,6.92820,0,True,110.00000,120.25000,0.25000,2302,False,3,450956,5620,0.59238,0.94498,0.59238,0.94498,0
5,6,54,120.00000,-4.00000,6.92820,0,True,110.00000,120.25000,0.25000,2302,False,3,450973,5637,0.61089,0.92443,0.61089,0.92443,0
5,6,54,120.00000,-4.00000,6.92820,0,True,110.00000,120.25000,0.25000,2302,False,3,450990,5654,0.64792,0.88335,0.64792,0.88335,0
5,6,54,120.00000,-4.00000,6.92820,0,True,110.00000,120.25000,0.25000,2302,False,3,451006,5670,0.68494,0.84226,0.68494,0.84226,0
5,6,54,120.00000,-4.00000,6.92820,0,True,110.00000,120.25000,0.25000,2302,False,3,451023,5687,0.72196,0.80118,0.72196,0.80118,0
5,6,54,120.00000,-4.00000,6.92820,0,True,110.00000,120.25000,0.25000,2302,False,3,451040,5704,0.74048,0.78063,0.74048,0.78063,0
5,6,54,120.00000,-4.00000,6.92820,0,True,110.00000,120.25000,0.25000,2302,False,3,451057,5721,0.77750,0.73955,0.77750,0.73955,0
5,6,54,120.00000,-4.00000,6.92820,0,True,110.00000,120.25000,0.25000,2302,False,3,451073,5737,0.83304,0.69846,0.83304,0.69846,0
5,6,54,120.00000,-4.00000,6.92820,0,True,110.00000,120.25000,0.25000,2302,False,3,451090,5754,0.87006,0.67792,0.87006,0.67792,0
5,6,54,120.00000,-4.00000,6.92820,0,True,110.00000,120.25000,0.25000,2302,False,3,451106,5770,0.90708,0.63683,0.90708,0.63683,0
5,6,54,120.00000,-4.00000,6.92820,0,True,110.00000,120.25000,0.25000,2302,False,3,451123,5787,0.94411,0.61629,0.94411,0.61629,0
5,6,54,120.00000,-4.00000,6.92820,0,True,110.00000,120.25000,0.25000,2302,False,3,451140,5804,0.98113,0.59575,0.98113,0.59575,0
5,6,54,120.00000,-4.00000,6.92820,0,True,110.00000,120.25000,0.25000,2302,False,3,451157,5821,0.99964,0.57520,0.99964,0.57520,0
5,6,54,120.00000,-4.00000,6.92820,0,True,110.00000,120.25000,0.25000,2302,False,3,451173,5837,1.01815,0.55466,1.01815,0.55466,0
5,6,54,120.00000,-4.00000,6.92820,0,True,110.00000,120.25000,0.25000,2302,False,3,451190,5854,1.03667,0.55466,1.03667,0.55466,0
5,6,54,120.00000,-4.00000,6.92820,0,True,110.00000,120.25000,0.25000,2302,False,3,451207,5871,1.03667,0.53412,1.03667,0.53412,0
5,6,54,120.00000,-4.00000,6.92820,0,True,110.00000,120.25000,0.25000,2302,False,3,451223,5887,1.05518,0.51357,1.05518,0.51357,0
5,6,54,120.00000,-4.00000,6.92820,0,True,110.00000,120.25000,0.25000,2302,False,3,451240,5904,1.05518,0.51357,1.05518,0.51357,0
5,6,54,120.00000,-4.00000,6.92820,0,True,110.00000,120.25000,0.25000,2302,False,3,451257,5921,1.05518,0.49303,1.05518,0.49303,0
5,6,54,120.00000,-4.00000,6.92820,0,True,110.00000,120.25000,0.25000,2302,False,3,451273,5937,1.05518,0.47249,1.05518,0.47249,0
5,6,54,120.00000,-4.00000,6.92820,0,True,110.00000,120.25000,0.25000,2302,False,3,451290,5954,1.05518,0.47249,1.05518,0.47249,0
5,6,54,120.00000,-4.00000,6.92820,0,True,110.00000,120.25000,0.25000,2302,False,3,451307,5971,1.05518,0.45195,1.05518,0.45195,0
5,6,54,120.00000,-4.00000,6.92820,0,True,110.00000,120.25000,0.25000,2302,False,3,451324,5988,1.05518,0.43140,1.05518,0.43140,0
5,6,54,120.00000,-4.00000,6.92820,0,True,110.00000,120.25000,0.25000,2302,False,3,451340,6004,1.03667,0.41086,1.03667,0.41086,0
5,6,54,120.00000,-4.00000,6.92820,0,True,110.00000,120.25000,0.25000,2302,False,3,451357,6021,1.01815,0.39032,1.01815,0.39032,0
5,6,54,120.00000,-4.00000,6.92820,0,True,110.00000,120.25000,0.25000,2302,False,3,451373,6037,1.01815,0.36977,1.01815,0.36977,0
5,6,54,120.00000,-4.00000,6.92820,0,True,110.00000,120.25000,0.25000,2302,False,3,451390,6054,0.98113,0.34923,0.98113,0.34923,0
5,6,54,120.00000,-4.00000,6.92820,0,True,110.00000,120.25000,0.25000,2302,False,3,451407,6071,0.96262,0.32869,0.96262,0.32869,0
5,6,54,120.00000,-4.00000,6.92820,0,True,110.00000,120.25000,0.25000,2302,False,3,451424,6088,0.92560,0.30814,0.92560,0.30814,0
5,6,54,120.00000,-4.00000,6.92820,0,True,110.00000,120.25000,0.25000,2302,False,3,451440,6104,0.88857,0.28760,0.88857,0.28760,0
5,6,54,120.00000,-4.00000,6.92820,0,True,110.00000,120.25000,0.25000,2302,False,3,451457,6121,0.85155,0.26706,0.85155,0.26706,0
5,6,54,120.00000,-4.00000,6.92820,0,True,110.00000,120.25000,0.25000,2302,False,3,451474,6138,0.81452,0.24652,0.81452,0.24652,0
5,6,54,120.00000,-4.00000,6.92820,0,True,110.00000,120.25000,0.25000,2302,False,3,451490,6154,0.75899,0.22597,0.75899,0.22597,0
5,6,54,120.00000,-4.00000,6.92820,0,True,110.00000,120.25000,0.25000,2302,False,3,451507,6171,0.74048,0.20543,0.74048,0.20543,0
5,6,54,120.00000,-4.00000,6.92820,0,True,110.00000,120.25000,0.25000,2302,False,3,451524,6188,0.70345,0.20543,0.70345,0.20543,0
5,6,54,120.00000,-4.00000,6.92820,0,True,110.00000,120.25000,0.25000,2302,False,3,451540,6204,0.66643,0.18489,0.66643,0.18489,0
5,6,54,120.00000,-4.00000,6.92820,0,True,110.00000,120.25000,0.25000,2302,False,3,451557,6221,0.64792,0.16434,0.64792,0.16434,0
5,6,54,120.00000,-4.00000,6.92820,0,True,110.00000,120.25000,0.25000,2302,False,3,451574,6238,0.61089,0.16434,0.61089,0.16434,0
5,6,54,120.00000,-4.00000,6.92820,0,True,110.00000,120.25000,0.25000,2302,False,3,451590,6254,0.59238,0.14380,0.59238,0.14380,0
5,6,54,120.00000,-4.00000,6.92820,0,True,110.00000,120.25000,0.25000,2302,False,3,451607,6271,0.55536,0.14380,0.55536,0.14380,0
5,6,54,120.00000,-4.00000,6.92820,0,True,110.00000,120.25000,0.25000,2302,False,3,451624,6288,0.51833,0.12326,0.51833,0.12326,0
5,6,54,120.00000,-4.00000,6.92820,0,True,110.00000,120.25000,0.25000,2302,False,3,451640,6304,0.48131,0.12326,0.48131,0.12326,0
5,6,54,120.00000,-4.00000,6.92820,0,True,110.00000,120.25000,0.25000,2302,False,3,451657,6321,0.44429,0.10271,0.44429,0.10271,0
5,6,54,120.00000,-4.00000,6.92820,0,True,110.00000,120.25000,0.25000,2302,False,3,451674,6338,0.40726,0.10271,0.40726,0.10271,0
5,6,54,120.00000,-4.00000,6.92820,0,True,110.00000,120.25000,0.25000,2302,False,3,451690,6354,0.38875,0.10271,0.38875,0.10271,0
5,6,54,120.00000,-4.00000,6.92820,0,True,110.00000,120.25000,0.25000,2302,False,3,451707,6371,0.35173,0.08217,0.35173,0.08217,0
5,6,54,120.00000,-4.00000,6.92820,0,True,110.00000,120.25000,0.25000,2302,False,3,451724,6388,0.33321,0.08217,0.33321,0.08217,0
5,6,54,120.00000,-4.00000,6.92820,0,True,110.00000,120.25000,0.25000,2302,False,3,451741,6405,0.29619,0.06163,0.29619,0.06163,0
5,6,54,120.00000,-4.00000,6.92820,0,True,110.00000,120.25000,0.25000,2302,False,3,451757,6421,0.27768,0.06163,0.27768,0.06163,0
5,6,54,120.00000,-4.00000,6.92820,0,True,110.00000,120.25000,0.25000,2302,False,3,451774,6438,0.25917,0.04109,0.25917,0.04109,0
5,6,54,120.00000,-4.00000,6.92820,0,True,110.00000,120.25000,0.25000,2302,False,3,451791,6455,0.22214,0.04109,0.22214,0.04109,0
