task_idx,trial_idx,cutrial_no,targetangle_deg,targetx_cm,targety_cm,rotation_deg,doaiming_bool,aimstart_deg,aim_deg,aimdeviation_deg,aimtime_ms,zeroclamped_bool,phase,cutime_ms,time_ms,mousex_cm,mousey_cm,cursorx_cm,cursory_cm,deviation_bool
8,63,151,140.00000,-6.12836,5.14230,-40,True,130.00000,160.75000,20.75000,2343,False,0,862414,0,-0.01851,0.00000,-0.01418,0.01190,0
8,63,151,140.00000,-6.12836,5.14230,-40,True,130.00000,160.75000,20.75000,2343,False,1,862431,17,-0.01851,0.00000,-0.01418,0.01190,0
8,63,151,140.00000,-6.12836,5.14230,-40,True,130.00000,160.75000,20.75000,2343,False,1,862447,33,-0.01851,0.00000,-0.01418,0.01190,0
8,63,151,140.00000,-6.12836,5.14230,-40,True,130.00000,160.75000,20.75000,2343,False,1,862464,50,-0.01851,0.00000,-0.01418,0.01190,0
8,63,151,140.00000,-6.12836,5.14230,-40,True,130.00000,160.75000,20.75000,2343,False,1,862481,67,-0.01851,0.00000,-0.01418,0.01190,0
8,63,151,140.00000,-6.12836,5.14230,-40,True,130.00000,160.75000,20.75000,2343,False,1,862497,83,-0.01851,0.00000,-0.01418,0.01190,0
8,63,151,140.00000,-6.12836,5.14230,-40,True,130.00000,160.75000,20.75000,2343,False,1,862514,100,-0.01851,0.00000,-0.01418,0.01190,0
8,63,151,140.00000,-6.12836,5.14230,-40,True,130.00000,160.75000,20.75000,2343,False,1,862531,117,-0.01851,0.00000,-0.01418,0.01190,0
8,63,151,140.00000,-6.12836,5.14230,-40,True,130.00000,160.75000,20.75000,2343,False,1,862547,133,-0.01851,0.00000,-0.01418,0.01190,0
8,63,151,140.00000,-6.12836,5.14230,-40,True,130.00000,160.75000,20.75000,2343,False,1,862564,150,0.00000,0.00000,0.00000,0.00000,0
8,63,151,140.00000,-6.12836,5.14230,-40,True,130.00000,160.75000,20.75000,2343,False,1,862581,167,0.00000,0.00000,0.00000,0.00000,0
8,63,151,140.00000,-6.12836,5.14230,-40,True,130.00000,160.75000,20.75000,2343,False,1,862597,183,0.01851,0.00000,0.01418,-0.01190,0
8,63,151,140.00000,-6.12836,5.14230,-40,True,130.00000,160.75000,20.75000,2343,False,1,862614,200,0.01851,0.02054,0.02739,0.00384,0
8,63,151,140.00000,-6.12836,5.14230,-40,True,130.00000,160.75000,20.75000,2343,False,1,862631,217,0.03702,0.04109,0.05477,0.00768,0
8,63,151,140.00000,-6.12836,5.14230,-40,True,130.00000,160.75000,20.75000,2343,False,1,862647,233,0.03702,0.04109,0.05477,0.00768,0
8,63,151,140.00000,-6.12836,5.14230,-40,True,130.00000,160.75000,20.75000,2343,False,1,862664,250,0.03702,0.04109,0.05477,0.00768,0
8,63,151,140.00000,-6.12836,5.14230,-40,True,130.00000,160.75000,20.75000,2343,False,1,862681,267,0.05554,0.02054,0.05575,-0.01996,0
8,63,151,140.00000,-6.12836,5.14230,-40,True,130.00000,160.75000,20.75000,2343,False,1,862698,284,0.05554,0.02054,0.05575,-0.01996,0
8,63,151,140.00000,-6.12836,5.14230,-40,True,130.00000,160.75000,20.75000,2343,False,1,862714,300,0.03702,0.02054,0.04157,-0.00806,0
8,63,151,140.00000,-6.12836,5.14230,-40,True,130.00000,160.75000,20.75000,2343,False,1,862731,317,0.03702,0.02054,0.04157,-0.00806,0
8,63,151,140.00000,-6.12836,5.14230,-40,True,130.00000,160.75000,20.75000,2343,False,1,862747,333,0.01851,0.02054,0.02739,0.00384,0
8,63,151,140.00000,-6.12836,5.14230,-40,True,130.00000,160.75000,20.75000,2343,False,1,862764,350,0.00000,0.02054,0.01320,0.01574,0
8,63,151,140.00000,-6.12836,5.14230,-40,True,130.00000,160.75000,20.75000,2343,False,2,862781,367,-0.01851,0.04109,0.01223,0.04337,0
8,63,151,140.00000,-6.12836,5.14230,-40,True,130.00000,160.75000,20.75000,2343,False,2,862797,383,-0.05554,0.04109,-0.01613,0.06717,0
8,63,151,140.00000,-6.12836,5.14230,-40,True,130.00000,160.75000,20.75000,2343,False,2,862814,400,-0.09256,0.04109,-0.04450,0.09097,0
8,63,151,140.00000,-6.12836,5.14230,-40,True,130.00000,160.75000,20.75000,2343,False,2,862831,417,-0.16661,0.04109,-0.10122,0.13857,0
8,63,151,140.00000,-6.12836,5.14230,-40,True,130.00000,160.75000,20.75000,2343,False,2,862848,434,-0.24065,0.04109,-0.15794,0.18616,0
8,63,151,140.00000,-6.12836,5.14230,-40,True,130.00000,160.75000,20.75000,2343,False,2,862864,450,-0.31470,0.02054,-0.22787,0.21802,0
8,63,151,140.00000,-6.12836,5.14230,-40,True,130.00000,160.75000,20.75000,2343,False,2,862881,467,-0.38875,0.02054,-0.28460,0.26562,0
8,63,151,140.00000,-6.12836,5.14230,-40,True,130.00000,160.75000,20.75000,2343,False,2,862898,484,-0.46280,0.02054,-0.34132,0.31322,0
8,63,151,140.00000,-6.12836,5.14230,-40,True,130.00000,160.75000,20.75000,2343,False,2,862914,500,-0.55536,0.04109,-0.39902,0.38845,0
8,63,151,140.00000,-6.12836,5.14230,-40,True,130.00000,160.75000,20.75000,2343,False,2,862931,517,-0.77750,0.08217,-0.54278,0.56271,0
8,63,151,140.00000,-6.12836,5.14230,-40,True,130.00000,160.75000,20.75000,2343,False,2,862947,533,-0.90708,0.10271,-0.62884,0.66175,0
8,63,151,140.00000,-6.12836,5.14230,-40,True,130.00000,160.75000,20.75000,2343,False,2,862964,550,-1.12923,0.14380,-0.77260,0.83601,0
8,63,151,140.00000,-6.12836,5.14230,-40,True,130.00000,160.75000,20.75000,2343,False,2,862981,567,-1.49946,0.24652,-0.99020,1.15268,0
8,63,151,140.00000,-6.12836,5.14230,-40,True,130.00000,160.75000,20.75000,2343,False,2,862998,584,-1.77714,0.32869,-1.15009,1.39411,0
8,63,151,140.00000,-6.12836,5.14230,-40,True,130.00000,160.75000,20.75000,2343,False,2,863014,600,-2.09185,0.41086,-1.33835,1.65935,1
8,63,151,140.00000,-6.12836,5.14230,-40,True,130.00000,160.75000,20.75000,2343,False,2,863031,617,-2.33250,0.49303,-1.46988,1.87699,0
8,63,151,140.00000,-6.12836,5.14230,-40,True,130.00000,160.75000,20.75000,2343,False,2,863048,634,-2.57315,0.57520,-1.60142,2.09462,0
8,63,151,140.00000,-6.12836,5.14230,-40,True,130.00000,160.75000,20.75000,2343,False,2,863064,650,-2.83232,0.65737,-1.74713,2.32416,0
8,63,151,140.00000,-6.12836,5.14230,-40,True,130.00000,160.75000,20.75000,2343,False,2,863081,667,-3.16554,0.78063,-1.92316,2.63277,0
8,63,151,140.00000,-6.12836,5.14230,-40,True,130.00000,160.75000,20.75000,2343,False,2,863098,684,-3.42470,0.88335,-2.05567,2.87804,0
8,63,151,140.00000,-6.12836,5.14230,-40,True,130.00000,160.75000,20.75000,2343,False,2,863114,700,-3.79494,1.02715,-2.24685,3.22618,0
8,63,151,140.00000,-6.12836,5.14230,-40,True,130.00000,160.75000,20.75000,2343,False,2,863131,717,-4.05411,1.12986,-2.37936,3.47146,0
8,63,151,140.00000,-6.12836,5.14230,-40,True,130.00000,160.75000,20.75000,2343,False,2,863148,734,-4.31327,1.21203,-2.52508,3.70099,0
8,63,151,140.00000,-6.12836,5.14230,-40,True,130.00000,160.75000,20.75000,2343,False,2,863165,751,-4.64649,1.31475,-2.71431,3.99386,0
8,63,151,140.00000,-6.12836,5.14230,-40,True,130.00000,160.75000,20.75000,2343,False,2,863181,767,-4.99821,1.41746,-2.91773,4.29863,0
8,63,151,140.00000,-6.12836,5.14230,-40,True,130.00000,160.75000,20.75000,2343,False,2,863198,784,-5.29440,1.47909,-3.10501,4.53623,0
8,63,151,140.00000,-6.12836,5.14230,-40,True,130.00000,160.75000,20.75000,2343,False,2,863214,800,-5.55357,1.54072,-3.26393,4.75003,0
8,63,151,140.00000,-6.12836,5.14230,-40,True,130.00000,160.75000,20.75000,2343,False,2,863231,817,-5.77571,1.58181,-3.40769,4.92429,0
8,63,151,140.00000,-6.12836,5.14230,-40,True,130.00000,160.75000,20.75000,2343,False,2,863248,834,-6.10893,1.62289,-3.63653,5.16995,0
8,63,151,140.00000,-6.12836,5.14230,-40,True,130.00000,160.75000,20.75000,2343,False,2,863265,851,-6.33107,1.64344,-3.79350,5.32848,0
8,63,151,140.00000,-6.12836,5.14230,-40,True,130.00000,160.75000,20.75000,2343,False,2,863281,867,-6.55321,1.62289,-3.97688,5.45553,0
8,63,151,140.00000,-6.12836,5.14230,-40,True,130.00000,160.75000,20.75000,2343,False,2,863298,884,-6.77536,1.58181,-4.17346,5.56685,0
8,63,151,140.00000,-6.12836,5.14230,-40,True,130.00000,160.75000,20.75000,2343,False,2,863315,901,-7.07155,1.52018,-4.43997,5.71003,0
8,63,151,140.00000,-6.12836,5.14230,-40,True,130.00000,160.75000,20.75000,2343,False,2,863331,917,-7.31220,1.47909,-4.65073,5.83324,0
8,63,151,140.00000,-6.12836,5.14230,-40,True,130.00000,160.75000,20.75000,2343,False,2,863348,934,-7.42327,1.43801,-4.76222,5.87317,0
8,63,151,140.00000,-6.12836,5.14230,-40,True,130.00000,160.75000,20.75000,2343,False,2,863364,950,-7.49732,1.41746,-4.83215,5.90503,0
8,63,151,140.00000,-6.12836,5.14230,-40,True,130.00000,160.75000,20.75000,2343,False,2,863381,967,-7.57137,1.39692,-4.90208,5.93689,0
8,63,151,140.00000,-6.12836,5.14230,-40,True,130.00000,160.75000,20.75000,2343,False,2,863398,984,-7.70095,1.33529,-5.04096,5.97297,0
8,63,151,140.00000,-6.12836,5.14230,-40,True,130.00000,160.75000,20.75000,2343,False,2,863415,1001,-7.83054,1.27366,-5.17984,6.00905,0
8,63,151,140.00000,-6.12836,5.14230,-40,True,130.00000,160.75000,20.75000,2343,False,2,863431,1017,-7.99714,1.17095,-5.37350,6.03746,0
8,63,151,140.00000,-6.12836,5.14230,-40,True,130.00000,160.75000,20.75000,2343,False,2,863448,1034,-8.10821,1.06823,-5.52461,6.03017,0
8,63,151,140.00000,-6.12836,5.14230,-40,True,130.00000,160.75000,20.75000,2343,False,2,863465,1051,-8.20077,0.98606,-5.64833,6.02672,0
8,63,151,140.00000,-6.12836,5.14230,-40,True,130.00000,160.75000,20.75000,2343,False,2,863481,1067,-8.31185,0.84226,-5.82585,5.98796,0
8,63,151,140.00000,-6.12836,5.14230,-40,True,130.00000,160.75000,20.75000,2343,False,2,863498,1084,-8.40440,0.71900,-5.97598,5.95304,0
8,63,151,140.00000,-6.12836,5.14230,-40,True,130.00000,160.75000,20.75000,2343,False,2,863515,1101,-8.45994,0.59575,-6.09775,5.89431,0
8,63,151,140.00000,-6.12836,5.14230,-40,True,130.00000,160.75000,20.75000,2343,False,2,863531,1117,-8.53399,0.43140,-6.26011,5.81601,0
8,63,151,140.00000,-6.12836,5.14230,-40,True,130.00000,160.75000,20.75000,2343,False,2,863548,1134,-8.57101,0.32869,-6.35450,5.76113,0
8,63,151,140.00000,-6.12836,5.14230,-40,True,130.00000,160.75000,20.75000,2343,False,2,863565,1151,-8.60804,0.24652,-6.43568,5.72198,0
8,63,151,140.00000,-6.12836,5.14230,-40,True,130.00000,160.75000,20.75000,2343,False,2,863582,1168,-8.62655,0.16434,-6.50268,5.67093,0
8,63,151,140.00000,-6.12836,5.14230,-40,True,130.00000,160.75000,20.75000,2343,False,2,863598,1184,-8.66357,0.08217,-6.58386,5.63178,0
8,63,151,140.00000,-6.12836,5.14230,-40,True,130.00000,160.75000,20.75000,2343,False,2,863615,1201,-8.70060,0.02054,-6.65184,5.60837,0
8,63,151,140.00000,-6.12836,5.14230,-40,True,130.00000,160.75000,20.75000,2343,False,2,863631,1217,-8.71911,-0.08217,-6.73204,5.54159,0
8,63,151,140.00000,-6.12836,5.14230,-40,True,130.00000,160.75000,20.75000,2343,False,2,863648,1234,-8.73762,-0.12326,-6.77263,5.52201,0
8,63,151,140.00000,-6.12836,5.14230,-40,True,130.00000,160.75000,20.75000,2343,False,2,863665,1251,-8.71911,-0.12326,-6.75845,5.51011,0
8,63,151,140.00000,-6.12836,5.14230,-40,True,130.00000,160.75000,20.75000,2343,False,2,863682,1268,-8.70060,-0.12326,-6.74427,5.49821,0
8,63,151,140.00000,-6.12836,5.14230,-40,True,130.00000,160.75000,20.75000,2343,False,2,863698,1284,-8.70060,-0.12326,-6.74427,5.49821,0
8,63,151,140.00000,-6.12836,5.14230,-40,True,130.00000,160.75000,20.75000,2343,False,2,863715,1301,-8.66357,-0.14380,-6.72911,5.45868,0
8,63,151,140.00000,-6.12836,5.14230,-40,True,130.00000,160.75000,20.75000,2343,False,2,863732,1318,-8.62655,-0.16434,-6.71396,5.41914,0
8,63,151,140.00000,-6.12836,5.14230,-40,True,130.00000,160.75000,20.75000,2343,False,2,863748,1334,-8.57101,-0.18489,-6.68462,5.36771,0
8,63,151,140.00000,-6.12836,5.14230,-40,True,130.00000,160.75000,20.75000,2343,False,2,863765,1351,-8.51548,-0.18489,-6.64208,5.33201,0
8,63,151,140.00000,-6.12836,5.14230,-40,True,130.00000,160.75000,20.75000,2343,False,2,863782,1368,-8.42292,-0.18489,-6.57117,5.27252,0
8,63,151,140.00000,-6.12836,5.14230,-40,True,130.00000,160.75000,20.75000,2343,False,2,863798,1384,-8.34887,-0.16434,-6.50124,5.24065,0
8,63,151,140.00000,-6.12836,5.14230,-40,True,130.00000,160.75000,20.75000,2343,False,2,863815,1401,-8.25631,-0.14380,-6.41713,5.19690,0
8,63,151,140.00000,-6.12836,5.14230,-40,True,130.00000,160.75000,20.75000,2343,False,2,863832,1418,-8.20077,-0.14380,-6.37459,5.16120,0
8,63,151,140.00000,-6.12836,5.14230,-40,True,130.00000,160.75000,20.75000,2343,False,3,863848,1434,-8.12673,-0.14380,-6.31787,5.11360,0
8,63,151,140.00000,-6.12836,5.14230,-40,True,130.00000,160.75000,20.75000,2343,False,3,863865,1451,-8.08970,-0.14380,-6.28951,5.08980,0
8,63,151,140.00000,-6.12836,5.14230,-40,True,130.00000,160.75000,20.75000,2343,False,3,863882,1468,-8.03417,-0.12326,-6.23376,5.06984,0
8,63,151,140.00000,-6.12836,5.14230,-40,True,130.00000,160.75000,20.75000,2343,False,3,863898,1484,-7.99714,-0.12326,-6.20540,5.04604,0
8,63,151,140.00000,-6.12836,5.14230,-40,True,130.00000,160.75000,20.75000,2343,False,3,863915,1501,-7.96012,-0.10271,-6.16383,5.03798,0
8,63,151,140.00000,-6.12836,5.14230,-40,True,130.00000,160.75000,20.75000,2343,False,3,863932,1518,-7.94161,-0.10271,-6.14965,5.02608,0
8,63,151,140.00000,-6.12836,5.14230,-40,True,130.00000,160.75000,20.75000,2343,False,3,863948,1534,-7.92310,-0.10271,-6.13547,5.01418,0
8,63,151,140.00000,-6.12836,5.14230,-40,True,130.00000,160.75000,20.75000,2343,False,3,863965,1551,-7.90458,-0.10271,-6.12129,5.00228,0
8,63,151,140.00000,-6.12836,5.14230,-40,True,130.00000,160.75000,20.75000,2343,False,3,863982,1568,-7.90458,-0.10271,-6.12129,5.00228,0
8,63,151,140.00000,-6.12836,5.14230,-40,True,130.00000,160.75000,20.75000,2343,False,3,863998,1584,-7.88607,-0.08217,-6.09390,5.00612,0
8,63,151,140.00000,-6.12836,5.14230,-40,True,130.00000,160.75000,20.75000,2343,False,3,864015,1601,-7.86756,-0.08217,-6.07972,4.99422,0
8,63,151,140.00000,-6.12836,5.14230,-40,True,130.00000,160.75000,20.75000,2343,False,3,864032,1618,-7.84905,-0.08217,-6.06554,4.98232,0
8,63,151,140.00000,-6.12836,5.14230,-40,True,130.00000,160.75000,20.75000,2343,False,3,864048,1634,-7.83054,-0.08217,-6.05136,4.97042,0
8,63,151,140.00000,-6.12836,5.14230,-40,True,130.00000,160.75000,20.75000,2343,False,3,864065,1651,-7.83054,-0.08217,-6.05136,4.97042,0
8,63,151,140.00000,-6.12836,5.14230,-40,True,130.00000,160.75000,20.75000,2343,False,3,864082,1668,-7.81202,-0.06163,-6.02397,4.97426,0
8,63,151,140.00000,-6.12836,5.14230,-40,True,130.00000,160.75000,20.75000,2343,False,3,864098,1684,-7.79351,-0.08217,-6.02300,4.94663,0
8,63,151,140.00000,-6.12836,5.14230,-40,True,130.00000,160.75000,20.75000,2343,False,3,864115,1701,-7.75649,-0.08217,-5.99463,4.92283,0
8,63,151,140.00000,-6.12836,5.14230,-40,True,130.00000,160.75000,20.75000,2343,False,3,864132,1718,-7.66393,-0.08217,-5.92373,4.86333,0
8,63,151,140.00000,-6.12836,5.14230,-40,True,130.00000,160.75000,20.75000,2343,False,3,864148,1734,-7.58988,-0.10271,-5.88021,4.80000,0
8,63,151,140.00000,-6.12836,5.14230,-40,True,130.00000,160.75000,20.75000,2343,False,3,864165,1751,-7.49732,-0.14380,-5.83571,4.70903,0
8,63,151,140.00000,-6.12836,5.14230,-40,True,130.00000,160.75000,20.75000,2343,False,3,864182,1768,-7.34923,-0.18489,-5.74868,4.58236,0
8,63,151,140.00000,-6.12836,5.14230,-40,True,130.00000,160.75000,20.75000,2343,False,3,864198,1784,-7.16411,-0.24652,-5.64648,4.41616,0
8,63,151,140.00000,-6.12836,5.14230,-40,True,130.00000,160.75000,20.75000,2343,False,3,864215,1801,-6.81238,-0.30814,-5.41666,4.14286,0
8,63,151,140.00000,-6.12836,5.14230,-40,True,130.00000,160.75000,20.75000,2343,False,3,864232,1818,-6.51619,-0.34923,-5.21617,3.92100,0
8,63,151,140.00000,-6.12836,5.14230,-40,True,130.00000,160.75000,20.75000,2343,False,3,864249,1835,-6.27554,-0.39032,-5.05823,3.73484,0
8,63,151,140.00000,-6.12836,5.14230,-40,True,130.00000,160.75000,20.75000,2343,False,3,864265,1851,-6.07190,-0.43140,-4.92865,3.57247,0
8,63,151,140.00000,-6.12836,5.14230,-40,True,130.00000,160.75000,20.75000,2343,False,3,864282,1868,-5.73869,-0.49303,-4.71301,3.31108,0
8,63,151,140.00000,-6.12836,5.14230,-40,True,130.00000,160.75000,20.75000,2343,False,3,864299,1885,-5.42399,-0.55466,-4.51154,3.06158,0
8,63,151,140.00000,-6.12836,5.14230,-40,True,130.00000,160.75000,20.75000,2343,False,3,864316,1902,-5.20185,-0.55466,-4.34137,2.91879,0
8,63,151,140.00000,-6.12836,5.14230,-40,True,130.00000,160.75000,20.75000,2343,False,3,864332,1918,-4.90565,-0.57520,-4.12768,2.71266,0
8,63,151,140.00000,-6.12836,5.14230,-40,True,130.00000,160.75000,20.75000,2343,False,3,864349,1935,-4.62798,-0.57520,-3.91497,2.53417,0
8,63,151,140.00000,-6.12836,5.14230,-40,True,130.00000,160.75000,20.75000,2343,False,3,864365,1951,-4.29476,-0.61629,-3.68612,2.28852,0
8,63,151,140.00000,-6.12836,5.14230,-40,True,130.00000,160.75000,20.75000,2343,False,3,864382,1968,-4.01708,-0.67792,-3.51302,2.06282,0
8,63,151,140.00000,-6.12836,5.14230,-40,True,130.00000,160.75000,20.75000,2343,False,3,864399,1985,-3.77643,-0.73955,-3.36828,1.86092,0
8,63,151,140.00000,-6.12836,5.14230,-40,True,130.00000,160.75000,20.75000,2343,False,3,864415,2001,-3.51726,-0.80118,-3.20936,1.64712,0
8,63,151,140.00000,-6.12836,5.14230,-40,True,130.00000,160.75000,20.75000,2343,False,3,864432,2018,-3.25810,-0.84226,-3.03724,1.44905,0
8,63,151,140.00000,-6.12836,5.14230,-40,True,130.00000,160.75000,20.75000,2343,False,3,864449,2035,-2.90637,-0.90389,-2.80742,1.17576,0
8,63,151,140.00000,-6.12836,5.14230,-40,True,130.00000,160.75000,20.75000,2343,False,3,864465,2051,-2.66571,-0.94498,-2.64947,0.98959,0
8,63,151,140.00000,-6.12836,5.14230,-40,True,130.00000,160.75000,20.75000,2343,False,3,864482,2068,-2.44357,-1.00661,-2.51892,0.79959,0
8,63,151,140.00000,-6.12836,5.14230,-40,True,130.00000,160.75000,20.75000,2343,False,3,864499,2085,-2.22143,-1.08878,-2.40157,0.59386,0
8,63,151,140.00000,-6.12836,5.14230,-40,True,130.00000,160.75000,20.75000,2343,False,3,864515,2101,-1.94375,-1.15041,-2.22847,0.36816,0
8,63,151,140.00000,-6.12836,5.14230,-40,True,130.00000,160.75000,20.75000,2343,False,3,864532,2118,-1.68458,-1.19149,-2.05634,0.17009,0
8,63,151,140.00000,-6.12836,5.14230,-40,True,130.00000,160.75000,20.75000,2343,False,3,864549,2135,-1.46244,-1.23258,-1.91258,-0.00417,0
8,63,151,140.00000,-6.12836,5.14230,-40,True,130.00000,160.75000,20.75000,2343,False,3,864565,2151,-1.29583,-1.25312,-1.79816,-0.12700,0
8,63,151,140.00000,-6.12836,5.14230,-40,True,130.00000,160.75000,20.75000,2343,False,3,864582,2168,-1.18476,-1.27366,-1.72628,-0.21413,0
8,63,151,140.00000,-6.12836,5.14230,-40,True,130.00000,160.75000,20.75000,2343,False,3,864599,2185,-1.09220,-1.29421,-1.66858,-0.28937,0
8,63,151,140.00000,-6.12836,5.14230,-40,True,130.00000,160.75000,20.75000,2343,False,3,864615,2201,-1.01815,-1.31475,-1.62506,-0.35270,0
8,63,151,140.00000,-6.12836,5.14230,-40,True,130.00000,160.75000,20.75000,2343,False,3,864632,2218,-0.88857,-1.35584,-1.55220,-0.46747,0
8,63,151,140.00000,-6.12836,5.14230,-40,True,130.00000,160.75000,20.75000,2343,False,3,864649,2235,-0.75899,-1.39692,-1.47934,-0.58224,0
8,63,151,140.00000,-6.12836,5.14230,-40,True,130.00000,160.75000,20.75000,2343,False,3,864665,2251,-0.64792,-1.41746,-1.40746,-0.66937,0
8,63,151,140.00000,-6.12836,5.14230,-40,True,130.00000,160.75000,20.75000,2343,False,3,864682,2268,-0.51833,-1.45855,-1.33460,-0.78414,0
8,63,151,140.00000,-6.12836,5.14230,-40,True,130.00000,160.75000,20.75000,2343,False,3,864699,2285,-0.44429,-1.49964,-1.30429,-0.86321,0
8,63,151,140.00000,-6.12836,5.14230,-40,True,130.00000,160.75000,20.75000,2343,False,3,864716,2302,-0.38875,-1.54072,-1.28816,-0.93038,0
8,63,151,140.00000,-6.12836,5.14230,-40,True,130.00000,160.75000,20.75000,2343,False,3,864732,2318,-0.33321,-1.58181,-1.27202,-0.99755,0
8,63,151,140.00000,-6.12836,5.14230,-40,True,130.00000,160.75000,20.75000,2343,False,3,864749,2335,-0.27768,-1.64344,-1.26910,-1.08046,0
8,63,151,140.00000,-6.12836,5.14230,-40,True,130.00000,160.75000,20.75000,2343,False,3,864766,2352,-0.24065,-1.66398,-1.25394,-1.11999,0
8,63,151,140.00000,-6.12836,5.14230,-40,True,130.00000,160.75000,20.75000,2343,False,3,864782,2368,-0.18512,-1.70507,-1.23780,-1.18716,0
8,63,151,140.00000,-6.12836,5.14230,-40,True,130.00000,160.75000,20.75000,2343,False,3,864799,2385,-0.16661,-1.72561,-1.23683,-1.21480,0
8,63,151,140.00000,-6.12836,5.14230,-40,True,130.00000,160.75000,20.75000,2343,False,3,864816,2402,-0.12958,-1.72561,-1.20847,-1.23860,0
8,63,151,140.00000,-6.12836,5.14230,-40,True,130.00000,160.75000,20.75000,2343,False,3,864832,2418,-0.09256,-1.72561,-1.18010,-1.26240,0
8,63,151,140.00000,-6.12836,5.14230,-40,True,130.00000,160.75000,20.75000,2343,False,3,864849,2435,-0.07405,-1.70507,-1.15272,-1.25856,0
8,63,151,140.00000,-6.12836,5.14230,-40,True,130.00000,160.75000,20.75000,2343,False,3,864866,2452,-0.01851,-1.66398,-1.08377,-1.26278,0
8,63,151,140.00000,-6.12836,5.14230,-40,True,130.00000,160.75000,20.75000,2343,False,3,864882,2468,0.01851,-1.66398,-1.05540,-1.28658,0
8,63,151,140.00000,-6.12836,5.14230,-40,True,130.00000,160.75000,20.75000,2343,False,3,864899,2485,0.05554,-1.66398,-1.02704,-1.31038,0
8,63,151,140.00000,-6.12836,5.14230,-40,True,130.00000,160.75000,20.75000,2343,False,3,864916,2502,0.11107,-1.68452,-0.99770,-1.36181,0
8,63,151,140.00000,-6.12836,5.14230,-40,True,130.00000,160.75000,20.75000,2343,False,3,864932,2518,0.18512,-1.72561,-0.96739,-1.44089,0
8,63,151,140.00000,-6.12836,5.14230,-40,True,130.00000,160.75000,20.75000,2343,False,3,864949,2535,0.25917,-1.74615,-0.92387,-1.50422,0
8,63,151,140.00000,-6.12836,5.14230,-40,True,130.00000,160.75000,20.75000,2343,False,3,864966,2552,0.33321,-1.76669,-0.88035,-1.56755,0
8,63,151,140.00000,-6.12836,5.14230,-40,True,130.00000,160.75000,20.75000,2343,False,3,864982,2568,0.40726,-1.76669,-0.82363,-1.61515,0
8,63,151,140.00000,-6.12836,5.14230,-40,True,130.00000,160.75000,20.75000,2343,False,3,864999,2585,0.48131,-1.76669,-0.76691,-1.66275,0
8,63,151,140.00000,-6.12836,5.14230,-40,True,130.00000,160.75000,20.75000,2343,False,3,865016,2602,0.59238,-1.74615,-0.66861,-1.71840,0
8,63,151,140.00000,-6.12836,5.14230,-40,True,130.00000,160.75000,20.75000,2343,False,3,865032,2618,0.64792,-1.72561,-0.61287,-1.73837,0
8,63,151,140.00000,-6.12836,5.14230,-40,True,130.00000,160.75000,20.75000,2343,False,3,865049,2635,0.68494,-1.70507,-0.57130,-1.74643,0
8,63,151,140.00000,-6.12836,5.14230,-40,True,130.00000,160.75000,20.75000,2343,False,3,865066,2652,0.72196,-1.66398,-0.51653,-1.73875,0
8,63,151,140.00000,-6.12836,5.14230,-40,True,130.00000,160.75000,20.75000,2343,False,3,865083,2669,0.74048,-1.62289,-0.47594,-1.71918,0
8,63,151,140.00000,-6.12836,5.14230,-40,True,130.00000,160.75000,20.75000,2343,False,3,865099,2685,0.75899,-1.54072,-0.40894,-1.66813,0
8,63,151,140.00000,-6.12836,5.14230,-40,True,130.00000,160.75000,20.75000,2343,False,3,865116,2702,0.75899,-1.43801,-0.34291,-1.58945,0
8,63,151,140.00000,-6.12836,5.14230,-40,True,130.00000,160.75000,20.75000,2343,False,3,865133,2719,0.75899,-1.31475,-0.26369,-1.49502,0
8,63,151,140.00000,-6.12836,5.14230,-40,True,130.00000,160.75000,20.75000,2343,False,3,865149,2735,0.75899,-1.19149,-0.18446,-1.40060,0
8,63,151,140.00000,-6.12836,5.14230,-40,True,130.00000,160.75000,20.75000,2343,False,3,865166,2752,0.75899,-1.02715,-0.07882,-1.27471,0
8,63,151,140.00000,-6.12836,5.14230,-40,True,130.00000,160.75000,20.75000,2343,False,3,865183,2769,0.75899,-0.92443,-0.01280,-1.19603,0
8,63,151,140.00000,-6.12836,5.14230,-40,True,130.00000,160.75000,20.75000,2343,False,3,865199,2785,0.75899,-0.82172,0.05323,-1.11734,0
8,63,151,140.00000,-6.12836,5.14230,-40,True,130.00000,160.75000,20.75000,2343,False,3,865216,2802,0.72196,-0.67792,0.11730,-0.98338,0
8,63,151,140.00000,-6.12836,5.14230,-40,True,130.00000,160.75000,20.75000,2343,False,3,865233,2819,0.70345,-0.57520,0.16914,-0.89280,0
8,63,151,140.00000,-6.12836,5.14230,-40,True,130.00000,160.75000,20.75000,2343,False,3,865249,2835,0.66643,-0.45195,0.22001,-0.77458,0
8,63,151,140.00000,-6.12836,5.14230,-40,True,130.00000,160.75000,20.75000,2343,False,3,865266,2852,0.64792,-0.30814,0.29826,-0.65253,0
8,63,151,140.00000,-6.12836,5.14230,-40,True,130.00000,160.75000,20.75000,2343,False,3,865283,2869,0.61089,-0.22597,0.32272,-0.56578,0
8,63,151,140.00000,-6.12836,5.14230,-40,True,130.00000,160.75000,20.75000,2343,False,3,865299,2885,0.55536,-0.14380,0.33299,-0.46713,0
8,63,151,140.00000,-6.12836,5.14230,-40,True,130.00000,160.75000,20.75000,2343,False,3,865316,2902,0.48131,-0.08217,0.31589,-0.37233,0
8,63,151,140.00000,-6.12836,5.14230,-40,True,130.00000,160.75000,20.75000,2343,False,3,865333,2919,0.42577,-0.02054,0.31296,-0.28942,0
8,63,151,140.00000,-6.12836,5.14230,-40,True,130.00000,160.75000,20.75000,2343,False,3,865349,2935,0.38875,0.00000,0.29780,-0.24988,0
8,63,151,140.00000,-6.12836,5.14230,-40,True,130.00000,160.75000,20.75000,2343,False,3,865366,2952,0.33321,0.06163,0.29487,-0.16698,0
8,63,151,140.00000,-6.12836,5.14230,-40,True,130.00000,160.75000,20.75000,2343,False,3,865383,2969,0.27768,0.08217,0.26553,-0.11554,0
8,63,151,140.00000,-6.12836,5.14230,-40,True,130.00000,160.75000,20.75000,2343,False,3,865399,2985,0.24065,0.08217,0.23717,-0.09174,0
8,63,151,140.00000,-6.12836,5.14230,-40,True,130.00000,160.75000,20.75000,2343,False,3,865416,3002,0.18512,0.08217,0.19463,-0.05604,0
