task_idx,trial_idx,cutrial_no,targetangle_deg,targetx_cm,targety_cm,rotation_deg,doaiming_bool,aimstart_deg,aim_deg,aimdeviation_deg,aimtime_ms,zeroclamped_bool,phase,cutime_ms,time_ms,mousex_cm,mousey_cm,cursorx_cm,cursory_cm,deviation_bool
8,30,118,120.00000,-4.00000,6.92820,-60,True,110.00000,119.50000,-0.50000,1632,False,0,1012408,0,-0.35173,-0.20543,-0.35377,0.20189,0
8,30,118,120.00000,-4.00000,6.92820,-60,True,110.00000,119.50000,-0.50000,1632,False,0,1012424,16,-0.37024,-0.20543,-0.36303,0.21792,0
8,30,118,120.00000,-4.00000,6.92820,-60,True,110.00000,119.50000,-0.50000,1632,False,0,1012441,33,-0.37024,-0.20543,-0.36303,0.21792,0
8,30,118,120.00000,-4.00000,6.92820,-60,True,110.00000,119.50000,-0.50000,1632,False,0,1012458,50,-0.38875,-0.20543,-0.37228,0.23395,0
8,30,118,120.00000,-4.00000,6.92820,-60,True,110.00000,119.50000,-0.50000,1632,False,0,1012474,66,-0.38875,-0.22597,-0.39007,0.22368,0
8,30,118,120.00000,-4.00000,6.92820,-60,True,110.00000,119.50000,-0.50000,1632,False,0,1012491,83,-0.40726,-0.22597,-0.39933,0.23971,0
8,30,118,120.00000,-4.00000,6.92820,-60,True,110.00000,119.50000,-0.50000,1632,False,0,1012508,100,-0.40726,-0.22597,-0.39933,0.23971,0
8,30,118,120.00000,-4.00000,6.92820,-60,True,110.00000,119.50000,-0.50000,1632,False,0,1012525,117,-0.40726,-0.22597,-0.39933,0.23971,0
8,30,118,120.00000,-4.00000,6.92820,-60,True,110.00000,119.50000,-0.50000,1632,False,0,1012541,133,-0.42577,-0.22597,-0.40858,0.25574,0
8,30,118,120.00000,-4.00000,6.92820,-60,True,110.00000,119.50000,-0.50000,1632,False,0,1012558,150,-0.44429,-0.22597,-0.41784,0.27178,0
8,30,118,120.00000,-4.00000,6.92820,-60,True,110.00000,119.50000,-0.50000,1632,False,0,1012574,166,-0.44429,-0.22597,-0.41784,0.27178,0
8,30,118,120.00000,-4.00000,6.92820,-60,True,110.00000,119.50000,-0.50000,1632,False,0,1012591,183,-0.46280,-0.24652,-0.44489,0.27754,0
8,30,118,120.00000,-4.00000,6.92820,-60,True,110.00000,119.50000,-0.50000,1632,False,0,1012608,200,-0.48131,-0.24652,-0.45414,0.29357,0
8,30,118,120.00000,-4.00000,6.92820,-60,True,110.00000,119.50000,-0.50000,1632,False,0,1012624,216,-0.51833,-0.24652,-0.47266,0.32563,0
8,30,118,120.00000,-4.00000,6.92820,-60,True,110.00000,119.50000,-0.50000,1632,False,0,1012641,233,-0.53685,-0.26706,-0.49970,0.33139,0
8,30,118,120.00000,-4.00000,6.92820,-60,True,110.00000,119.50000,-0.50000,1632,False,0,1012658,250,-0.53685,-0.26706,-0.49970,0.33139,0
8,30,118,120.00000,-4.00000,6.92820,-60,True,110.00000,119.50000,-0.50000,1632,False,0,1012675,267,-0.55536,-0.26706,-0.50896,0.34742,0
8,30,118,120.00000,-4.00000,6.92820,-60,True,110.00000,119.50000,-0.50000,1632,False,0,1012691,283,-0.57387,-0.26706,-0.51821,0.36346,0
8,30,118,120.00000,-4.00000,6.92820,-60,True,110.00000,119.50000,-0.50000,1632,False,0,1012708,300,-0.57387,-0.26706,-0.51821,0.36346,0
8,30,118,120.00000,-4.00000,6.92820,-60,True,110.00000,119.50000,-0.50000,1632,False,0,1012725,317,-0.57387,-0.26706,-0.51821,0.36346,0
8,30,118,120.00000,-4.00000,6.92820,-60,True,110.00000,119.50000,-0.50000,1632,False,0,1012741,333,-0.59238,-0.28760,-0.54526,0.36922,0
8,30,118,120.00000,-4.00000,6.92820,-60,True,110.00000,119.50000,-0.50000,1632,False,0,1012758,350,-0.59238,-0.28760,-0.54526,0.36922,0
8,30,118,120.00000,-4.00000,6.92820,-60,True,110.00000,119.50000,-0.50000,1632,False,0,1012775,367,-0.59238,-0.28760,-0.54526,0.36922,0
8,30,118,120.00000,-4.00000,6.92820,-60,True,110.00000,119.50000,-0.50000,1632,False,0,1012791,383,-0.59238,-0.28760,-0.54526,0.36922,0
8,30,118,120.00000,-4.00000,6.92820,-60,True,110.00000,119.50000,-0.50000,1632,False,0,1012808,400,-0.59238,-0.28760,-0.54526,0.36922,0
8,30,118,120.00000,-4.00000,6.92820,-60,True,110.00000,119.50000,-0.50000,1632,False,0,1012825,417,-0.61089,-0.28760,-0.55452,0.38525,0
8,30,118,120.00000,-4.00000,6.92820,-60,True,110.00000,119.50000,-0.50000,1632,False,0,1012842,434,-0.61089,-0.26706,-0.53673,0.39552,0
8,30,118,120.00000,-4.00000,6.92820,-60,True,110.00000,119.50000,-0.50000,1632,False,0,1012858,450,-0.62940,-0.26706,-0.54598,0.41155,0
8,30,118,120.00000,-4.00000,6.92820,-60,True,110.00000,119.50000,-0.50000,1632,False,0,1012875,467,-0.62940,-0.24652,-0.52819,0.42182,0
8,30,118,120.00000,-4.00000,6.92820,-60,True,110.00000,119.50000,-0.50000,1632,False,0,1012892,484,-0.62940,-0.22597,-0.51040,0.43209,0
8,30,118,120.00000,-4.00000,6.92820,-60,True,110.00000,119.50000,-0.50000,1632,False,0,1012908,500,-0.62940,-0.22597,-0.51040,0.43209,0
8,30,118,120.00000,-4.00000,6.92820,-60,True,110.00000,119.50000,-0.50000,1632,False,0,1012925,517,-0.62940,-0.20543,-0.49261,0.44237,0
8,30,118,120.00000,-4.00000,6.92820,-60,True,110.00000,119.50000,-0.50000,1632,False,0,1012942,534,-0.62940,-0.18489,-0.47482,0.45264,0
8,30,118,120.00000,-4.00000,6.92820,-60,True,110.00000,119.50000,-0.50000,1632,False,0,1012958,550,-0.61089,-0.16434,-0.44777,0.44688,0
8,30,118,120.00000,-4.00000,6.92820,-60,True,110.00000,119.50000,-0.50000,1632,False,0,1012975,567,-0.59238,-0.14380,-0.42073,0.44112,0
8,30,118,120.00000,-4.00000,6.92820,-60,True,110.00000,119.50000,-0.50000,1632,False,0,1012991,583,-0.55536,-0.14380,-0.40221,0.40905,0
8,30,118,120.00000,-4.00000,6.92820,-60,True,110.00000,119.50000,-0.50000,1632,False,0,1013008,600,-0.53685,-0.12326,-0.37517,0.40329,0
8,30,118,120.00000,-4.00000,6.92820,-60,True,110.00000,119.50000,-0.50000,1632,False,0,1013025,617,-0.49982,-0.10271,-0.33886,0.38150,0
8,30,118,120.00000,-4.00000,6.92820,-60,True,110.00000,119.50000,-0.50000,1632,False,0,1013042,634,-0.48131,-0.10271,-0.32961,0.36547,0
8,30,118,120.00000,-4.00000,6.92820,-60,True,110.00000,119.50000,-0.50000,1632,False,0,1013058,650,-0.46280,-0.08217,-0.30256,0.35971,0
8,30,118,120.00000,-4.00000,6.92820,-60,True,110.00000,119.50000,-0.50000,1632,False,0,1013075,667,-0.44429,-0.06163,-0.27552,0.35395,0
8,30,118,120.00000,-4.00000,6.92820,-60,True,110.00000,119.50000,-0.50000,1632,False,0,1013092,684,-0.42577,-0.04109,-0.24847,0.34819,0
8,30,118,120.00000,-4.00000,6.92820,-60,True,110.00000,119.50000,-0.50000,1632,False,0,1013108,700,-0.40726,-0.04109,-0.23921,0.33216,0
8,30,118,120.00000,-4.00000,6.92820,-60,True,110.00000,119.50000,-0.50000,1632,False,0,1013125,717,-0.38875,-0.02054,-0.21217,0.32640,0
8,30,118,120.00000,-4.00000,6.92820,-60,True,110.00000,119.50000,-0.50000,1632,False,0,1013142,734,-0.37024,0.00000,-0.18512,0.32064,0
8,30,118,120.00000,-4.00000,6.92820,-60,True,110.00000,119.50000,-0.50000,1632,False,0,1013158,750,-0.35173,0.02054,-0.15807,0.31488,0
8,30,118,120.00000,-4.00000,6.92820,-60,True,110.00000,119.50000,-0.50000,1632,False,0,1013175,767,-0.31470,0.04109,-0.12177,0.29308,0
8,30,118,120.00000,-4.00000,6.92820,-60,True,110.00000,119.50000,-0.50000,1632,False,0,1013192,784,-0.27768,0.08217,-0.06768,0.28156,0
8,30,118,120.00000,-4.00000,6.92820,-60,True,110.00000,119.50000,-0.50000,1632,False,0,1013208,800,-0.24065,0.10271,-0.03137,0.25977,0
8,30,118,120.00000,-4.00000,6.92820,-60,True,110.00000,119.50000,-0.50000,1632,False,0,1013225,817,-0.22214,0.12326,-0.00433,0.25401,0
8,30,118,120.00000,-4.00000,6.92820,-60,True,110.00000,119.50000,-0.50000,1632,False,0,1013242,834,-0.18512,0.12326,0.01418,0.22195,0
8,30,118,120.00000,-4.00000,6.92820,-60,True,110.00000,119.50000,-0.50000,1632,False,1,1013259,851,-0.16661,0.14380,0.04123,0.21619,0
8,30,118,120.00000,-4.00000,6.92820,-60,True,110.00000,119.50000,-0.50000,1632,False,1,1013275,867,-0.14810,0.16434,0.06828,0.21043,0
8,30,118,120.00000,-4.00000,6.92820,-60,True,110.00000,119.50000,-0.50000,1632,False,1,1013292,884,-0.11107,0.16434,0.08679,0.17836,0
8,30,118,120.00000,-4.00000,6.92820,-60,True,110.00000,119.50000,-0.50000,1632,False,1,1013309,901,-0.09256,0.16434,0.09605,0.16233,0
8,30,118,120.00000,-4.00000,6.92820,-60,True,110.00000,119.50000,-0.50000,1632,False,1,1013325,917,-0.07405,0.16434,0.10530,0.14630,0
8,30,118,120.00000,-4.00000,6.92820,-60,True,110.00000,119.50000,-0.50000,1632,False,1,1013342,934,-0.05554,0.16434,0.11456,0.13027,0
8,30,118,120.00000,-4.00000,6.92820,-60,True,110.00000,119.50000,-0.50000,1632,False,1,1013359,951,-0.03702,0.16434,0.12381,0.11424,0
8,30,118,120.00000,-4.00000,6.92820,-60,True,110.00000,119.50000,-0.50000,1632,False,1,1013375,967,-0.01851,0.16434,0.13307,0.09820,0
8,30,118,120.00000,-4.00000,6.92820,-60,True,110.00000,119.50000,-0.50000,1632,False,1,1013392,984,0.00000,0.16434,0.14233,0.08217,0
8,30,118,120.00000,-4.00000,6.92820,-60,True,110.00000,119.50000,-0.50000,1632,False,1,1013409,1001,0.01851,0.14380,0.13379,0.05587,0
8,30,118,120.00000,-4.00000,6.92820,-60,True,110.00000,119.50000,-0.50000,1632,False,1,1013425,1017,0.03702,0.14380,0.14305,0.03984,0
8,30,118,120.00000,-4.00000,6.92820,-60,True,110.00000,119.50000,-0.50000,1632,False,1,1013442,1034,0.05554,0.14380,0.15230,0.02381,0
8,30,118,120.00000,-4.00000,6.92820,-60,True,110.00000,119.50000,-0.50000,1632,False,1,1013459,1051,0.05554,0.14380,0.15230,0.02381,0
8,30,118,120.00000,-4.00000,6.92820,-60,True,110.00000,119.50000,-0.50000,1632,False,1,1013475,1067,0.05554,0.14380,0.15230,0.02381,0
8,30,118,120.00000,-4.00000,6.92820,-60,True,110.00000,119.50000,-0.50000,1632,False,1,1013492,1084,0.05554,0.14380,0.15230,0.02381,0
8,30,118,120.00000,-4.00000,6.92820,-60,True,110.00000,119.50000,-0.50000,1632,False,1,1013509,1101,0.05554,0.12326,0.13451,0.01353,0
8,30,118,120.00000,-4.00000,6.92820,-60,True,110.00000,119.50000,-0.50000,1632,False,1,1013525,1117,0.03702,0.12326,0.12526,0.02957,0
8,30,118,120.00000,-4.00000,6.92820,-60,True,110.00000,119.50000,-0.50000,1632,False,1,1013542,1134,0.01851,0.12326,0.11600,0.04560,0
8,30,118,120.00000,-4.00000,6.92820,-60,True,110.00000,119.50000,-0.50000,1632,False,1,1013559,1151,0.00000,0.10271,0.08895,0.05136,0
8,30,118,120.00000,-4.00000,6.92820,-60,True,110.00000,119.50000,-0.50000,1632,False,1,1013575,1167,-0.01851,0.10271,0.07970,0.06739,0
8,30,118,120.00000,-4.00000,6.92820,-60,True,110.00000,119.50000,-0.50000,1632,False,1,1013592,1184,-0.03702,0.10271,0.07044,0.08342,0
8,30,118,120.00000,-4.00000,6.92820,-60,True,110.00000,119.50000,-0.50000,1632,False,2,1013609,1201,-0.05554,0.10271,0.06119,0.09945,0
8,30,118,120.00000,-4.00000,6.92820,-60,True,110.00000,119.50000,-0.50000,1632,False,2,1013625,1217,-0.07405,0.10271,0.05193,0.11548,0
8,30,118,120.00000,-4.00000,6.92820,-60,True,110.00000,119.50000,-0.50000,1632,False,2,1013642,1234,-0.11107,0.10271,0.03342,0.14755,0
8,30,118,120.00000,-4.00000,6.92820,-60,True,110.00000,119.50000,-0.50000,1632,False,2,1013659,1251,-0.12958,0.10271,0.02416,0.16358,0
8,30,118,120.00000,-4.00000,6.92820,-60,True,110.00000,119.50000,-0.50000,1632,False,2,1013676,1268,-0.16661,0.10271,0.00565,0.19564,0
8,30,118,120.00000,-4.00000,6.92820,-60,True,110.00000,119.50000,-0.50000,1632,False,2,1013692,1284,-0.20363,0.12326,0.00493,0.23798,0
8,30,118,120.00000,-4.00000,6.92820,-60,True,110.00000,119.50000,-0.50000,1632,False,2,1013709,1301,-0.29619,0.14380,-0.02356,0.32841,0
8,30,118,120.00000,-4.00000,6.92820,-60,True,110.00000,119.50000,-0.50000,1632,False,2,1013726,1318,-0.44429,0.18489,-0.06203,0.47721,0
8,30,118,120.00000,-4.00000,6.92820,-60,True,110.00000,119.50000,-0.50000,1632,False,2,1013742,1334,-0.51833,0.20543,-0.08126,0.55160,0
8,30,118,120.00000,-4.00000,6.92820,-60,True,110.00000,119.50000,-0.50000,1632,False,2,1013759,1351,-0.59238,0.24652,-0.08270,0.63627,0
8,30,118,120.00000,-4.00000,6.92820,-60,True,110.00000,119.50000,-0.50000,1632,False,2,1013775,1367,-0.64792,0.26706,-0.09268,0.69464,0
8,30,118,120.00000,-4.00000,6.92820,-60,True,110.00000,119.50000,-0.50000,1632,False,2,1013792,1384,-0.70345,0.28760,-0.10266,0.75301,0
8,30,118,120.00000,-4.00000,6.92820,-60,True,110.00000,119.50000,-0.50000,1632,False,2,1013809,1401,-0.77750,0.32869,-0.10410,0.83768,0
8,30,118,120.00000,-4.00000,6.92820,-60,True,110.00000,119.50000,-0.50000,1632,False,2,1013826,1418,-0.87006,0.34923,-0.13259,0.92811,0
8,30,118,120.00000,-4.00000,6.92820,-60,True,110.00000,119.50000,-0.50000,1632,False,2,1013842,1434,-0.94411,0.39032,-0.13403,1.01278,0
8,30,118,120.00000,-4.00000,6.92820,-60,True,110.00000,119.50000,-0.50000,1632,False,2,1013859,1451,-1.03667,0.41086,-0.16252,1.10321,0
8,30,118,120.00000,-4.00000,6.92820,-60,True,110.00000,119.50000,-0.50000,1632,False,2,1013876,1468,-1.11071,0.43140,-0.18175,1.17761,0
8,30,118,120.00000,-4.00000,6.92820,-60,True,110.00000,119.50000,-0.50000,1632,False,2,1013892,1484,-1.18476,0.45195,-0.20098,1.25201,0
8,30,118,120.00000,-4.00000,6.92820,-60,True,110.00000,119.50000,-0.50000,1632,False,2,1013909,1501,-1.27732,0.47249,-0.22947,1.34244,0
8,30,118,120.00000,-4.00000,6.92820,-60,True,110.00000,119.50000,-0.50000,1632,False,2,1013926,1518,-1.35137,0.49303,-0.24871,1.41684,0
8,30,118,120.00000,-4.00000,6.92820,-60,True,110.00000,119.50000,-0.50000,1632,False,2,1013942,1534,-1.42542,0.51357,-0.26794,1.49123,0
8,30,118,120.00000,-4.00000,6.92820,-60,True,110.00000,119.50000,-0.50000,1632,False,2,1013959,1551,-1.46244,0.51357,-0.28645,1.52330,0
8,30,118,120.00000,-4.00000,6.92820,-60,True,110.00000,119.50000,-0.50000,1632,False,2,1013976,1568,-1.51798,0.51357,-0.31422,1.57139,0
8,30,118,120.00000,-4.00000,6.92820,-60,True,110.00000,119.50000,-0.50000,1632,False,2,1013993,1585,-1.59202,0.53412,-0.33345,1.64579,0
8,30,118,120.00000,-4.00000,6.92820,-60,True,110.00000,119.50000,-0.50000,1632,False,2,1014009,1601,-1.62905,0.53412,-0.35196,1.67786,0
8,30,118,120.00000,-4.00000,6.92820,-60,True,110.00000,119.50000,-0.50000,1632,False,2,1014026,1618,-1.68458,0.55466,-0.36194,1.73622,0
8,30,118,120.00000,-4.00000,6.92820,-60,True,110.00000,119.50000,-0.50000,1632,False,2,1014042,1634,-1.72161,0.55466,-0.38045,1.76829,0
8,30,118,120.00000,-4.00000,6.92820,-60,True,110.00000,119.50000,-0.50000,1632,False,2,1014059,1651,-1.72161,0.55466,-0.38045,1.76829,0
8,30,118,120.00000,-4.00000,6.92820,-60,True,110.00000,119.50000,-0.50000,1632,False,2,1014076,1668,-1.72161,0.55466,-0.38045,1.76829,0
8,30,118,120.00000,-4.00000,6.92820,-60,True,110.00000,119.50000,-0.50000,1632,False,2,1014093,1685,-1.72161,0.55466,-0.38045,1.76829,0
8,30,118,120.00000,-4.00000,6.92820,-60,True,110.00000,119.50000,-0.50000,1632,False,2,1014109,1701,-1.72161,0.55466,-0.38045,1.76829,0
8,30,118,120.00000,-4.00000,6.92820,-60,True,110.00000,119.50000,-0.50000,1632,False,2,1014126,1718,-1.72161,0.55466,-0.38045,1.76829,0
8,30,118,120.00000,-4.00000,6.92820,-60,True,110.00000,119.50000,-0.50000,1632,False,2,1014142,1734,-1.72161,0.55466,-0.38045,1.76829,0
8,30,118,120.00000,-4.00000,6.92820,-60,True,110.00000,119.50000,-0.50000,1632,False,2,1014159,1751,-1.72161,0.55466,-0.38045,1.76829,0
8,30,118,120.00000,-4.00000,6.92820,-60,True,110.00000,119.50000,-0.50000,1632,False,2,1014176,1768,-1.72161,0.55466,-0.38045,1.76829,0
8,30,118,120.00000,-4.00000,6.92820,-60,True,110.00000,119.50000,-0.50000,1632,False,2,1014193,1785,-1.72161,0.55466,-0.38045,1.76829,0
8,30,118,120.00000,-4.00000,6.92820,-60,True,110.00000,119.50000,-0.50000,1632,False,2,1014209,1801,-1.72161,0.55466,-0.38045,1.76829,0
8,30,118,120.00000,-4.00000,6.92820,-60,True,110.00000,119.50000,-0.50000,1632,False,2,1014226,1818,-1.72161,0.55466,-0.38045,1.76829,0
8,30,118,120.00000,-4.00000,6.92820,-60,True,110.00000,119.50000,-0.50000,1632,False,2,1014243,1835,-1.72161,0.55466,-0.38045,1.76829,0
8,30,118,120.00000,-4.00000,6.92820,-60,True,110.00000,119.50000,-0.50000,1632,False,2,1014259,1851,-1.72161,0.55466,-0.38045,1.76829,0
8,30,118,120.00000,-4.00000,6.92820,-60,True,110.00000,119.50000,-0.50000,1632,False,2,1014276,1868,-1.72161,0.55466,-0.38045,1.76829,0
8,30,118,120.00000,-4.00000,6.92820,-60,True,110.00000,119.50000,-0.50000,1632,False,2,1014293,1885,-1.72161,0.55466,-0.38045,1.76829,0
8,30,118,120.00000,-4.00000,6.92820,-60,True,110.00000,119.50000,-0.50000,1632,False,2,1014309,1901,-1.72161,0.55466,-0.38045,1.76829,0
8,30,118,120.00000,-4.00000,6.92820,-60,True,110.00000,119.50000,-0.50000,1632,False,2,1014326,1918,-1.72161,0.55466,-0.38045,1.76829,0
8,30,118,120.00000,-4.00000,6.92820,-60,True,110.00000,119.50000,-0.50000,1632,False,2,1014343,1935,-1.72161,0.55466,-0.38045,1.76829,0
8,30,118,120.00000,-4.00000,6.92820,-60,True,110.00000,119.50000,-0.50000,1632,False,2,1014359,1951,-1.72161,0.55466,-0.38045,1.76829,0
8,30,118,120.00000,-4.00000,6.92820,-60,True,110.00000,119.50000,-0.50000,1632,False,2,1014376,1968,-1.72161,0.55466,-0.38045,1.76829,0
8,30,118,120.00000,-4.00000,6.92820,-60,True,110.00000,119.50000,-0.50000,1632,False,2,1014393,1985,-1.72161,0.55466,-0.38045,1.76829,0
8,30,118,120.00000,-4.00000,6.92820,-60,True,110.00000,119.50000,-0.50000,1632,False,2,1014409,2001,-1.72161,0.55466,-0.38045,1.76829,0
8,30,118,120.00000,-4.00000,6.92820,-60,True,110.00000,119.50000,-0.50000,1632,False,2,1014426,2018,-1.72161,0.55466,-0.38045,1.76829,0
8,30,118,120.00000,-4.00000,6.92820,-60,True,110.00000,119.50000,-0.50000,1632,False,2,1014443,2035,-1.72161,0.55466,-0.38045,1.76829,0
8,30,118,120.00000,-4.00000,6.92820,-60,True,110.00000,119.50000,-0.50000,1632,False,2,1014459,2051,-1.72161,0.55466,-0.38045,1.76829,0
8,30,118,120.00000,-4.00000,6.92820,-60,True,110.00000,119.50000,-0.50000,1632,False,2,1014476,2068,-1.72161,0.55466,-0.38045,1.76829,0
8,30,118,120.00000,-4.00000,6.92820,-60,True,110.00000,119.50000,-0.50000,1632,False,2,1014493,2085,-1.72161,0.55466,-0.38045,1.76829,0
8,30,118,120.00000,-4.00000,6.92820,-60,True,110.00000,119.50000,-0.50000,1632,False,2,1014510,2102,-1.72161,0.55466,-0.38045,1.76829,0
8,30,118,120.00000,-4.00000,6.92820,-60,True,110.00000,119.50000,-0.50000,1632,False,2,1014526,2118,-1.72161,0.55466,-0.38045,1.76829,0
8,30,118,120.00000,-4.00000,6.92820,-60,True,110.00000,119.50000,-0.50000,1632,False,2,1014543,2135,-1.72161,0.55466,-0.38045,1.76829,0
8,30,118,120.00000,-4.00000,6.92820,-60,True,110.00000,119.50000,-0.50000,1632,False,2,1014560,2152,-1.72161,0.55466,-0.38045,1.76829,0
8,30,118,120.00000,-4.00000,6.92820,-60,True,110.00000,119.50000,-0.50000,1632,False,2,1014576,2168,-1.72161,0.55466,-0.38045,1.76829,0
8,30,118,120.00000,-4.00000,6.92820,-60,True,110.00000,119.50000,-0.50000,1632,False,2,1014593,2185,-1.72161,0.55466,-0.38045,1.76829,0
8,30,118,120.00000,-4.00000,6.92820,-60,True,110.00000,119.50000,-0.50000,1632,False,2,1014610,2202,-1.72161,0.55466,-0.38045,1.76829,0
8,30,118,120.00000,-4.00000,6.92820,-60,True,110.00000,119.50000,-0.50000,1632,False,2,1014626,2218,-1.72161,0.55466,-0.38045,1.76829,0
8,30,118,120.00000,-4.00000,6.92820,-60,True,110.00000,119.50000,-0.50000,1632,False,2,1014643,2235,-1.72161,0.55466,-0.38045,1.76829,0
8,30,118,120.00000,-4.00000,6.92820,-60,True,110.00000,119.50000,-0.50000,1632,False,2,1014660,2252,-1.72161,0.55466,-0.38045,1.76829,0
8,30,118,120.00000,-4.00000,6.92820,-60,True,110.00000,119.50000,-0.50000,1632,False,2,1014676,2268,-1.72161,0.55466,-0.38045,1.76829,0
8,30,118,120.00000,-4.00000,6.92820,-60,True,110.00000,119.50000,-0.50000,1632,False,2,1014693,2285,-1.72161,0.55466,-0.38045,1.76829,0
8,30,118,120.00000,-4.00000,6.92820,-60,True,110.00000,119.50000,-0.50000,1632,False,2,1014710,2302,-1.72161,0.55466,-0.38045,1.76829,0
8,30,118,120.00000,-4.00000,6.92820,-60,True,110.00000,119.50000,-0.50000,1632,False,2,1014726,2318,-1.72161,0.55466,-0.38045,1.76829,0
8,30,118,120.00000,-4.00000,6.92820,-60,True,110.00000,119.50000,-0.50000,1632,False,2,1014743,2335,-1.72161,0.55466,-0.38045,1.76829,0
8,30,118,120.00000,-4.00000,6.92820,-60,True,110.00000,119.50000,-0.50000,1632,False,2,1014760,2352,-1.72161,0.55466,-0.38045,1.76829,0
8,30,118,120.00000,-4.00000,6.92820,-60,True,110.00000,119.50000,-0.50000,1632,False,2,1014776,2368,-1.72161,0.55466,-0.38045,1.76829,0
8,30,118,120.00000,-4.00000,6.92820,-60,True,110.00000,119.50000,-0.50000,1632,False,2,1014793,2385,-1.72161,0.55466,-0.38045,1.76829,0
8,30,118,120.00000,-4.00000,6.92820,-60,True,110.00000,119.50000,-0.50000,1632,False,2,1014810,2402,-1.72161,0.55466,-0.38045,1.76829,0
8,30,118,120.00000,-4.00000,6.92820,-60,True,110.00000,119.50000,-0.50000,1632,False,2,1014826,2418,-1.72161,0.55466,-0.38045,1.76829,0
8,30,118,120.00000,-4.00000,6.92820,-60,True,110.00000,119.50000,-0.50000,1632,False,2,1014843,2435,-1.72161,0.55466,-0.38045,1.76829,0
8,30,118,120.00000,-4.00000,6.92820,-60,True,110.00000,119.50000,-0.50000,1632,False,2,1014860,2452,-1.72161,0.55466,-0.38045,1.76829,0
8,30,118,120.00000,-4.00000,6.92820,-60,True,110.00000,119.50000,-0.50000,1632,False,2,1014876,2468,-1.72161,0.55466,-0.38045,1.76829,0
8,30,118,120.00000,-4.00000,6.92820,-60,True,110.00000,119.50000,-0.50000,1632,False,2,1014893,2485,-1.72161,0.55466,-0.38045,1.76829,0
8,30,118,120.00000,-4.00000,6.92820,-60,True,110.00000,119.50000,-0.50000,1632,False,2,1014910,2502,-1.72161,0.55466,-0.38045,1.76829,0
8,30,118,120.00000,-4.00000,6.92820,-60,True,110.00000,119.50000,-0.50000,1632,False,2,1014926,2518,-1.72161,0.55466,-0.38045,1.76829,0
8,30,118,120.00000,-4.00000,6.92820,-60,True,110.00000,119.50000,-0.50000,1632,False,2,1014943,2535,-1.72161,0.55466,-0.38045,1.76829,0
8,30,118,120.00000,-4.00000,6.92820,-60,True,110.00000,119.50000,-0.50000,1632,False,2,1014960,2552,-1.72161,0.55466,-0.38045,1.76829,0
8,30,118,120.00000,-4.00000,6.92820,-60,True,110.00000,119.50000,-0.50000,1632,False,2,1014977,2569,-1.72161,0.55466,-0.38045,1.76829,0
8,30,118,120.00000,-4.00000,6.92820,-60,True,110.00000,119.50000,-0.50000,1632,False,2,1014993,2585,-1.72161,0.55466,-0.38045,1.76829,0
8,30,118,120.00000,-4.00000,6.92820,-60,True,110.00000,119.50000,-0.50000,1632,False,2,1015010,2602,-1.72161,0.55466,-0.38045,1.76829,0
8,30,118,120.00000,-4.00000,6.92820,-60,True,110.00000,119.50000,-0.50000,1632,False,2,1015027,2619,-1.72161,0.55466,-0.38045,1.76829,0
8,30,118,120.00000,-4.00000,6.92820,-60,True,110.00000,119.50000,-0.50000,1632,False,2,1015043,2635,-1.72161,0.55466,-0.38045,1.76829,0
8,30,118,120.00000,-4.00000,6.92820,-60,True,110.00000,119.50000,-0.50000,1632,False,2,1015060,2652,-1.72161,0.55466,-0.38045,1.76829,0
8,30,118,120.00000,-4.00000,6.92820,-60,True,110.00000,119.50000,-0.50000,1632,False,2,1015077,2669,-1.72161,0.55466,-0.38045,1.76829,0
8,30,118,120.00000,-4.00000,6.92820,-60,True,110.00000,119.50000,-0.50000,1632,False,2,1015093,2685,-1.72161,0.55466,-0.38045,1.76829,0
8,30,118,120.00000,-4.00000,6.92820,-60,True,110.00000,119.50000,-0.50000,1632,False,2,1015110,2702,-1.72161,0.55466,-0.38045,1.76829,0
8,30,118,120.00000,-4.00000,6.92820,-60,True,110.00000,119.50000,-0.50000,1632,False,2,1015127,2719,-1.72161,0.55466,-0.38045,1.76829,0
8,30,118,120.00000,-4.00000,6.92820,-60,True,110.00000,119.50000,-0.50000,1632,False,2,1015143,2735,-6.75685,0.88335,-2.61342,6.29327,1
8,30,118,120.00000,-4.00000,6.92820,-60,True,110.00000,119.50000,-0.50000,1632,False,2,1015160,2752,-6.73833,0.88335,-2.60417,6.27724,0
8,30,118,120.00000,-4.00000,6.92820,-60,True,110.00000,119.50000,-0.50000,1632,False,2,1015176,2768,-6.68280,0.84226,-2.61198,6.20860,0
8,30,118,120.00000,-4.00000,6.92820,-60,True,110.00000,119.50000,-0.50000,1632,False,2,1015193,2785,-6.59024,0.78063,-2.61907,6.09763,0
8,30,118,120.00000,-4.00000,6.92820,-60,True,110.00000,119.50000,-0.50000,1632,False,2,1015210,2802,-6.51619,0.76009,-2.59984,6.02323,0
8,30,118,120.00000,-4.00000,6.92820,-60,True,110.00000,119.50000,-0.50000,1632,False,2,1015227,2819,-6.38661,0.69846,-2.58842,5.88019,0
8,30,118,120.00000,-4.00000,6.92820,-60,True,110.00000,119.50000,-0.50000,1632,False,2,1015243,2835,-6.29405,0.67792,-2.55993,5.78976,0
8,30,118,120.00000,-4.00000,6.92820,-60,True,110.00000,119.50000,-0.50000,1632,False,2,1015260,2852,-6.22000,0.63683,-2.55849,5.70509,0
8,30,118,120.00000,-4.00000,6.92820,-60,True,110.00000,119.50000,-0.50000,1632,False,2,1015277,2869,-6.09042,0.61629,-2.51149,5.58260,0
8,30,118,120.00000,-4.00000,6.92820,-60,True,110.00000,119.50000,-0.50000,1632,False,2,1015294,2886,-5.99786,0.59575,-2.48300,5.49217,0
8,30,118,120.00000,-4.00000,6.92820,-60,True,110.00000,119.50000,-0.50000,1632,False,2,1015310,2902,-5.90530,0.55466,-2.47230,5.39147,0
8,30,118,120.00000,-4.00000,6.92820,-60,True,110.00000,119.50000,-0.50000,1632,False,2,1015327,2919,-5.83125,0.53412,-2.45307,5.31707,0
8,30,118,120.00000,-4.00000,6.92820,-60,True,110.00000,119.50000,-0.50000,1632,False,2,1015343,2935,-5.73869,0.51357,-2.42458,5.22664,0
8,30,118,120.00000,-4.00000,6.92820,-60,True,110.00000,119.50000,-0.50000,1632,False,2,1015360,2952,-5.66464,0.49303,-2.40534,5.15224,0
8,30,118,120.00000,-4.00000,6.92820,-60,True,110.00000,119.50000,-0.50000,1632,False,2,1015377,2969,-5.59060,0.49303,-2.36832,5.08811,0
8,30,118,120.00000,-4.00000,6.92820,-60,True,110.00000,119.50000,-0.50000,1632,False,2,1015394,2986,-5.55357,0.49303,-2.34981,5.05605,0
8,30,118,120.00000,-4.00000,6.92820,-60,True,110.00000,119.50000,-0.50000,1632,False,2,1015410,3002,-5.53506,0.51357,-2.32276,5.05029,0
8,30,118,120.00000,-4.00000,6.92820,-60,True,110.00000,119.50000,-0.50000,1632,False,2,1015427,3019,-5.53506,0.51357,-2.32276,5.05029,0
8,30,118,120.00000,-4.00000,6.92820,-60,True,110.00000,119.50000,-0.50000,1632,False,2,1015444,3036,-5.53506,0.51357,-2.32276,5.05029,0
8,30,118,120.00000,-4.00000,6.92820,-60,True,110.00000,119.50000,-0.50000,1632,False,2,1015460,3052,-5.57208,0.51357,-2.34127,5.08235,0
8,30,118,120.00000,-4.00000,6.92820,-60,True,110.00000,119.50000,-0.50000,1632,False,2,1015477,3069,-5.59060,0.51357,-2.35053,5.09838,0
8,30,118,120.00000,-4.00000,6.92820,-60,True,110.00000,119.50000,-0.50000,1632,False,2,1015493,3085,-5.64613,0.51357,-2.37830,5.14648,0
8,30,118,120.00000,-4.00000,6.92820,-60,True,110.00000,119.50000,-0.50000,1632,False,2,1015510,3102,-5.68315,0.51357,-2.39681,5.17854,0
8,30,118,120.00000,-4.00000,6.92820,-60,True,110.00000,119.50000,-0.50000,1632,False,2,1015527,3119,-5.75720,0.51357,-2.43383,5.24267,0
8,30,118,120.00000,-4.00000,6.92820,-60,True,110.00000,119.50000,-0.50000,1632,False,2,1015544,3136,-5.83125,0.51357,-2.47086,5.30680,0
8,30,118,120.00000,-4.00000,6.92820,-60,True,110.00000,119.50000,-0.50000,1632,False,2,1015560,3152,-5.90530,0.51357,-2.50788,5.37093,0
8,30,118,120.00000,-4.00000,6.92820,-60,True,110.00000,119.50000,-0.50000,1632,False,2,1015577,3169,-5.97934,0.49303,-2.56269,5.42478,0
8,30,118,120.00000,-4.00000,6.92820,-60,True,110.00000,119.50000,-0.50000,1632,False,2,1015593,3185,-6.03488,0.49303,-2.59046,5.47288,0
8,30,118,120.00000,-4.00000,6.92820,-60,True,110.00000,119.50000,-0.50000,1632,False,2,1015610,3202,-6.07190,0.49303,-2.60897,5.50494,0
8,30,118,120.00000,-4.00000,6.92820,-60,True,110.00000,119.50000,-0.50000,1632,False,2,1015627,3219,-6.14595,0.49303,-2.64600,5.56907,0
8,30,118,120.00000,-4.00000,6.92820,-60,True,110.00000,119.50000,-0.50000,1632,False,2,1015643,3235,-6.20149,0.49303,-2.67377,5.61716,0
8,30,118,120.00000,-4.00000,6.92820,-60,True,110.00000,119.50000,-0.50000,1632,False,2,1015660,3252,-6.27554,0.49303,-2.71079,5.68129,0
8,30,118,120.00000,-4.00000,6.92820,-60,True,110.00000,119.50000,-0.50000,1632,False,2,1015676,3268,-6.34958,0.49303,-2.74781,5.74542,0
8,30,118,120.00000,-4.00000,6.92820,-60,True,110.00000,119.50000,-0.50000,1632,False,2,1015693,3285,-6.38661,0.49303,-2.76633,5.77748,0
8,30,118,120.00000,-4.00000,6.92820,-60,True,110.00000,119.50000,-0.50000,1632,False,2,1015710,3302,-6.44214,0.49303,-2.79409,5.82557,0
8,30,118,120.00000,-4.00000,6.92820,-60,True,110.00000,119.50000,-0.50000,1632,False,2,1015727,3319,-6.51619,0.49303,-2.83112,5.88970,0
8,30,118,120.00000,-4.00000,6.92820,-60,True,110.00000,119.50000,-0.50000,1632,False,2,1015744,3336,-6.57173,0.49303,-2.85889,5.93780,0
8,30,118,120.00000,-4.00000,6.92820,-60,True,110.00000,119.50000,-0.50000,1632,False,2,1015760,3352,-6.64577,0.51357,-2.87812,6.01220,0
8,30,118,120.00000,-4.00000,6.92820,-60,True,110.00000,119.50000,-0.50000,1632,False,2,1015777,3369,-6.68280,0.51357,-2.89663,6.04426,0
8,30,118,120.00000,-4.00000,6.92820,-60,True,110.00000,119.50000,-0.50000,1632,False,2,1015794,3386,-6.75685,0.51357,-2.93365,6.10839,0
8,30,118,120.00000,-4.00000,6.92820,-60,True,110.00000,119.50000,-0.50000,1632,False,2,1015810,3402,-6.79387,0.51357,-2.95217,6.14045,0
8,30,118,120.00000,-4.00000,6.92820,-60,True,110.00000,119.50000,-0.50000,1632,False,2,1015827,3419,-6.83089,0.51357,-2.97068,6.17251,0
8,30,118,120.00000,-4.00000,6.92820,-60,True,110.00000,119.50000,-0.50000,1632,False,2,1015844,3436,-6.88643,0.51357,-2.99845,6.22061,0
8,30,118,120.00000,-4.00000,6.92820,-60,True,110.00000,119.50000,-0.50000,1632,False,2,1015861,3453,-6.92345,0.51357,-3.01696,6.25267,0
8,30,118,120.00000,-4.00000,6.92820,-60,True,110.00000,119.50000,-0.50000,1632,False,2,1015877,3469,-6.97899,0.51357,-3.04473,6.30077,0
8,30,118,120.00000,-4.00000,6.92820,-60,True,110.00000,119.50000,-0.50000,1632,False,2,1015894,3486,-7.01601,0.51357,-3.06324,6.33283,0
8,30,118,120.00000,-4.00000,6.92820,-60,True,110.00000,119.50000,-0.50000,1632,False,2,1015910,3502,-7.05303,0.51357,-3.08175,6.36489,0
8,30,118,120.00000,-4.00000,6.92820,-60,True,110.00000,119.50000,-0.50000,1632,False,2,1015927,3519,-7.09006,0.51357,-3.10026,6.39696,0
8,30,118,120.00000,-4.00000,6.92820,-60,True,110.00000,119.50000,-0.50000,1632,False,2,1015944,3536,-7.12708,0.49303,-3.13656,6.41875,0
8,30,118,120.00000,-4.00000,6.92820,-60,True,110.00000,119.50000,-0.50000,1632,False,2,1015961,3553,-7.16411,0.49303,-3.15508,6.45081,0
8,30,118,120.00000,-4.00000,6.92820,-60,True,110.00000,119.50000,-0.50000,1632,False,2,1015977,3569,-7.20113,0.49303,-3.17359,6.48288,0
8,30,118,120.00000,-4.00000,6.92820,-60,True,110.00000,119.50000,-0.50000,1632,False,2,1015994,3586,-7.23815,0.49303,-3.19210,6.51494,0
8,30,118,120.00000,-4.00000,6.92820,-60,True,110.00000,119.50000,-0.50000,1632,False,2,1016011,3603,-7.27518,0.49303,-3.21061,6.54701,0
8,30,118,120.00000,-4.00000,6.92820,-60,True,110.00000,119.50000,-0.50000,1632,False,2,1016027,3619,-7.31220,0.47249,-3.24691,6.56880,0
8,30,118,120.00000,-4.00000,6.92820,-60,True,110.00000,119.50000,-0.50000,1632,False,2,1016044,3636,-7.34923,0.47249,-3.26543,6.60086,0
8,30,118,120.00000,-4.00000,6.92820,-60,True,110.00000,119.50000,-0.50000,1632,False,2,1016061,3653,-7.38625,0.47249,-3.28394,6.63292,0
8,30,118,120.00000,-4.00000,6.92820,-60,True,110.00000,119.50000,-0.50000,1632,False,2,1016077,3669,-7.42327,0.47249,-3.30245,6.66499,0
8,30,118,120.00000,-4.00000,6.92820,-60,True,110.00000,119.50000,-0.50000,1632,False,2,1016094,3686,-7.47881,0.47249,-3.33022,6.71308,0
8,30,118,120.00000,-4.00000,6.92820,-60,True,110.00000,119.50000,-0.50000,1632,False,2,1016111,3703,-7.53435,0.45195,-3.37578,6.75091,0
8,30,118,120.00000,-4.00000,6.92820,-60,True,110.00000,119.50000,-0.50000,1632,False,2,1016127,3719,-7.58988,0.45195,-3.40354,6.79900,0
8,30,118,120.00000,-4.00000,6.92820,-60,True,110.00000,119.50000,-0.50000,1632,False,2,1016144,3736,-7.60839,0.45195,-3.41280,6.81503,0
8,30,118,120.00000,-4.00000,6.92820,-60,True,110.00000,119.50000,-0.50000,1632,False,2,1016161,3753,-7.66393,0.45195,-3.44057,6.86313,0
8,30,118,120.00000,-4.00000,6.92820,-60,True,110.00000,119.50000,-0.50000,1632,False,2,1016177,3769,-7.71946,0.45195,-3.46834,6.91122,0
8,30,118,120.00000,-4.00000,6.92820,-60,True,110.00000,119.50000,-0.50000,1632,False,2,1016194,3786,-7.75649,0.43140,-3.50464,6.93302,0
8,30,118,120.00000,-4.00000,6.92820,-60,True,110.00000,119.50000,-0.50000,1632,False,2,1016211,3803,-7.81202,0.43140,-3.53241,6.98111,0
8,30,118,120.00000,-4.00000,6.92820,-60,True,110.00000,119.50000,-0.50000,1632,False,2,1016227,3819,-7.84905,0.43140,-3.55092,7.01318,0
8,30,118,120.00000,-4.00000,6.92820,-60,True,110.00000,119.50000,-0.50000,1632,False,2,1016244,3836,-7.88607,0.43140,-3.56943,7.04524,0
8,30,118,120.00000,-4.00000,6.92820,-60,True,110.00000,119.50000,-0.50000,1632,False,2,1016261,3853,-7.92310,0.43140,-3.58794,7.07730,0
8,30,118,120.00000,-4.00000,6.92820,-60,True,110.00000,119.50000,-0.50000,1632,False,2,1016278,3870,-7.96012,0.43140,-3.60645,7.10937,0
8,30,118,120.00000,-4.00000,6.92820,-60,True,110.00000,119.50000,-0.50000,1632,False,2,1016294,3886,-7.97863,0.43140,-3.61571,7.12540,0
8,30,118,120.00000,-4.00000,6.92820,-60,True,110.00000,119.50000,-0.50000,1632,False,2,1016311,3903,-7.99714,0.41086,-3.64276,7.13116,0
8,30,118,120.00000,-4.00000,6.92820,-60,True,110.00000,119.50000,-0.50000,1632,False,2,1016328,3920,-8.03417,0.43140,-3.64348,7.17349,0
8,30,118,120.00000,-4.00000,6.92820,-60,True,110.00000,119.50000,-0.50000,1632,False,2,1016344,3936,-8.03417,0.43140,-3.64348,7.17349,0
8,30,118,120.00000,-4.00000,6.92820,-60,True,110.00000,119.50000,-0.50000,1632,False,2,1016361,3953,-8.05268,0.43140,-3.65273,7.18953,0
8,30,118,120.00000,-4.00000,6.92820,-60,True,110.00000,119.50000,-0.50000,1632,False,2,1016378,3970,-8.07119,0.43140,-3.66199,7.20556,0
8,30,118,120.00000,-4.00000,6.92820,-60,True,110.00000,119.50000,-0.50000,1632,False,2,1016394,3986,-8.07119,0.43140,-3.66199,7.20556,0
8,30,118,120.00000,-4.00000,6.92820,-60,True,110.00000,119.50000,-0.50000,1632,False,2,1016411,4003,-8.07119,0.43140,-3.66199,7.20556,0
8,30,118,120.00000,-4.00000,6.92820,-60,True,110.00000,119.50000,-0.50000,1632,False,2,1016428,4020,-8.07119,0.43140,-3.66199,7.20556,0
8,30,118,120.00000,-4.00000,6.92820,-60,True,110.00000,119.50000,-0.50000,1632,False,2,1016444,4036,-8.07119,0.45195,-3.64420,7.21583,0
8,30,118,120.00000,-4.00000,6.92820,-60,True,110.00000,119.50000,-0.50000,1632,False,2,1016461,4053,-8.05268,0.45195,-3.63494,7.19980,0
8,30,118,120.00000,-4.00000,6.92820,-60,True,110.00000,119.50000,-0.50000,1632,False,2,1016478,4070,-8.05268,0.45195,-3.63494,7.19980,0
8,30,118,120.00000,-4.00000,6.92820,-60,True,110.00000,119.50000,-0.50000,1632,False,2,1016494,4086,-8.05268,0.45195,-3.63494,7.19980,0
8,30,118,120.00000,-4.00000,6.92820,-60,True,110.00000,119.50000,-0.50000,1632,False,2,1016511,4103,-8.03417,0.45195,-3.62569,7.18376,0
8,30,118,120.00000,-4.00000,6.92820,-60,True,110.00000,119.50000,-0.50000,1632,False,2,1016528,4120,-8.03417,0.43140,-3.64348,7.17349,0
8,30,118,120.00000,-4.00000,6.92820,-60,True,110.00000,119.50000,-0.50000,1632,False,2,1016544,4136,-8.01566,0.43140,-3.63422,7.15746,0
8,30,118,120.00000,-4.00000,6.92820,-60,True,110.00000,119.50000,-0.50000,1632,False,2,1016561,4153,-8.01566,0.43140,-3.63422,7.15746,0
8,30,118,120.00000,-4.00000,6.92820,-60,True,110.00000,119.50000,-0.50000,1632,False,2,1016578,4170,-8.01566,0.43140,-3.63422,7.15746,0
8,30,118,120.00000,-4.00000,6.92820,-60,True,110.00000,119.50000,-0.50000,1632,False,2,1016594,4186,-8.01566,0.41086,-3.65201,7.14719,0
8,30,118,120.00000,-4.00000,6.92820,-60,True,110.00000,119.50000,-0.50000,1632,False,2,1016611,4203,-8.01566,0.41086,-3.65201,7.14719,0
8,30,118,120.00000,-4.00000,6.92820,-60,True,110.00000,119.50000,-0.50000,1632,False,2,1016628,4220,-8.01566,0.39032,-3.66980,7.13692,0
8,30,118,120.00000,-4.00000,6.92820,-60,True,110.00000,119.50000,-0.50000,1632,False,2,1016644,4236,-8.01566,0.39032,-3.66980,7.13692,0
8,30,118,120.00000,-4.00000,6.92820,-60,True,110.00000,119.50000,-0.50000,1632,False,2,1016661,4253,-7.99714,0.34923,-3.69613,7.10034,0
8,30,118,120.00000,-4.00000,6.92820,-60,True,110.00000,119.50000,-0.50000,1632,False,2,1016678,4270,-8.01566,0.32869,-3.72318,7.10610,0
8,30,118,120.00000,-4.00000,6.92820,-60,True,110.00000,119.50000,-0.50000,1632,False,2,1016694,4286,-8.01566,0.30814,-3.74097,7.09583,0
8,30,118,120.00000,-4.00000,6.92820,-60,True,110.00000,119.50000,-0.50000,1632,False,2,1016711,4303,-8.01566,0.28760,-3.75876,7.08556,0
8,30,118,120.00000,-4.00000,6.92820,-60,True,110.00000,119.50000,-0.50000,1632,False,2,1016728,4320,-8.01566,0.26706,-3.77655,7.07529,0
8,30,118,120.00000,-4.00000,6.92820,-60,True,110.00000,119.50000,-0.50000,1632,False,2,1016745,4337,-8.03417,0.26706,-3.78580,7.09132,0
8,30,118,120.00000,-4.00000,6.92820,-60,True,110.00000,119.50000,-0.50000,1632,False,2,1016761,4353,-8.05268,0.24652,-3.81285,7.09708,0
8,30,118,120.00000,-4.00000,6.92820,-60,True,110.00000,119.50000,-0.50000,1632,False,2,1016778,4370,-8.07119,0.20543,-3.85769,7.09257,0
8,30,118,120.00000,-4.00000,6.92820,-60,True,110.00000,119.50000,-0.50000,1632,False,3,1016794,4386,-8.07119,0.20543,-3.85769,7.09257,0
8,30,118,120.00000,-4.00000,6.92820,-60,True,110.00000,119.50000,-0.50000,1632,False,3,1016811,4403,-8.07119,0.18489,-3.87548,7.08230,0
8,30,118,120.00000,-4.00000,6.92820,-60,True,110.00000,119.50000,-0.50000,1632,False,3,1016828,4420,-8.07119,0.20543,-3.85769,7.09257,0
8,30,118,120.00000,-4.00000,6.92820,-60,True,110.00000,119.50000,-0.50000,1632,False,3,1016845,4437,-8.07119,0.20543,-3.85769,7.09257,0
8,30,118,120.00000,-4.00000,6.92820,-60,True,110.00000,119.50000,-0.50000,1632,False,3,1016861,4453,-8.07119,0.20543,-3.85769,7.09257,0
8,30,118,120.00000,-4.00000,6.92820,-60,True,110.00000,119.50000,-0.50000,1632,False,3,1016878,4470,-8.07119,0.20543,-3.85769,7.09257,0
8,30,118,120.00000,-4.00000,6.92820,-60,True,110.00000,119.50000,-0.50000,1632,False,3,1016895,4487,-8.07119,0.22597,-3.83990,7.10284,0
8,30,118,120.00000,-4.00000,6.92820,-60,True,110.00000,119.50000,-0.50000,1632,False,3,1016911,4503,-8.05268,0.20543,-3.84843,7.07654,0
8,30,118,120.00000,-4.00000,6.92820,-60,True,110.00000,119.50000,-0.50000,1632,False,3,1016928,4520,-8.05268,0.22597,-3.83064,7.08681,0
8,30,118,120.00000,-4.00000,6.92820,-60,True,110.00000,119.50000,-0.50000,1632,False,3,1016945,4537,-8.05268,0.22597,-3.83064,7.08681,0
8,30,118,120.00000,-4.00000,6.92820,-60,True,110.00000,119.50000,-0.50000,1632,False,3,1016961,4553,-8.05268,0.22597,-3.83064,7.08681,0
8,30,118,120.00000,-4.00000,6.92820,-60,True,110.00000,119.50000,-0.50000,1632,False,3,1016978,4570,-8.05268,0.22597,-3.83064,7.08681,0
8,30,118,120.00000,-4.00000,6.92820,-60,True,110.00000,119.50000,-0.50000,1632,False,3,1016995,4587,-8.05268,0.22597,-3.83064,7.08681,0
8,30,118,120.00000,-4.00000,6.92820,-60,True,110.00000,119.50000,-0.50000,1632,False,3,1017011,4603,-8.05268,0.22597,-3.83064,7.08681,0
8,30,118,120.00000,-4.00000,6.92820,-60,True,110.00000,119.50000,-0.50000,1632,False,3,1017028,4620,-8.05268,0.22597,-3.83064,7.08681,0
8,30,118,120.00000,-4.00000,6.92820,-60,True,110.00000,119.50000,-0.50000,1632,False,3,1017045,4637,-8.05268,0.24652,-3.81285,7.09708,0
8,30,118,120.00000,-4.00000,6.92820,-60,True,110.00000,119.50000,-0.50000,1632,False,3,1017061,4653,-8.03417,0.24652,-3.80359,7.08105,0
8,30,118,120.00000,-4.00000,6.92820,-60,True,110.00000,119.50000,-0.50000,1632,False,3,1017078,4670,-8.03417,0.26706,-3.78580,7.09132,0
8,30,118,120.00000,-4.00000,6.92820,-60,True,110.00000,119.50000,-0.50000,1632,False,3,1017095,4687,-8.03417,0.26706,-3.78580,7.09132,0
8,30,118,120.00000,-4.00000,6.92820,-60,True,110.00000,119.50000,-0.50000,1632,False,3,1017111,4703,-8.03417,0.26706,-3.78580,7.09132,0
8,30,118,120.00000,-4.00000,6.92820,-60,True,110.00000,119.50000,-0.50000,1632,False,3,1017128,4720,-8.01566,0.26706,-3.77655,7.07529,0
8,30,118,120.00000,-4.00000,6.92820,-60,True,110.00000,119.50000,-0.50000,1632,False,3,1017145,4737,-7.99714,0.26706,-3.76729,7.05926,0
8,30,118,120.00000,-4.00000,6.92820,-60,True,110.00000,119.50000,-0.50000,1632,False,3,1017161,4753,-7.96012,0.26706,-3.74878,7.02719,0
8,30,118,120.00000,-4.00000,6.92820,-60,True,110.00000,119.50000,-0.50000,1632,False,3,1017178,4770,-7.94161,0.26706,-3.73952,7.01116,0
8,30,118,120.00000,-4.00000,6.92820,-60,True,110.00000,119.50000,-0.50000,1632,False,3,1017195,4787,-7.88607,0.26706,-3.71176,6.96307,0
8,30,118,120.00000,-4.00000,6.92820,-60,True,110.00000,119.50000,-0.50000,1632,False,3,1017212,4804,-7.83054,0.26706,-3.68399,6.91497,0
8,30,118,120.00000,-4.00000,6.92820,-60,True,110.00000,119.50000,-0.50000,1632,False,3,1017228,4820,-7.73798,0.24652,-3.65550,6.82454,0
8,30,118,120.00000,-4.00000,6.92820,-60,True,110.00000,119.50000,-0.50000,1632,False,3,1017245,4837,-7.66393,0.22597,-3.63627,6.75014,0
8,30,118,120.00000,-4.00000,6.92820,-60,True,110.00000,119.50000,-0.50000,1632,False,3,1017261,4853,-7.57137,0.18489,-3.62557,6.64944,0
8,30,118,120.00000,-4.00000,6.92820,-60,True,110.00000,119.50000,-0.50000,1632,False,3,1017278,4870,-7.47881,0.14380,-3.61487,6.54874,0
8,30,118,120.00000,-4.00000,6.92820,-60,True,110.00000,119.50000,-0.50000,1632,False,3,1017295,4887,-7.33071,0.08217,-3.59419,6.38967,0
8,30,118,120.00000,-4.00000,6.92820,-60,True,110.00000,119.50000,-0.50000,1632,False,3,1017311,4903,-7.18262,0.00000,-3.59131,6.22033,0
8,30,118,120.00000,-4.00000,6.92820,-60,True,110.00000,119.50000,-0.50000,1632,False,3,1017328,4920,-7.07155,-0.06163,-3.58915,6.09333,0
8,30,118,120.00000,-4.00000,6.92820,-60,True,110.00000,119.50000,-0.50000,1632,False,3,1017345,4937,-6.94196,-0.10271,-3.55994,5.96056,0
8,30,118,120.00000,-4.00000,6.92820,-60,True,110.00000,119.50000,-0.50000,1632,False,3,1017362,4954,-6.81238,-0.16434,-3.54852,5.81752,0
8,30,118,120.00000,-4.00000,6.92820,-60,True,110.00000,119.50000,-0.50000,1632,False,3,1017378,4970,-6.59024,-0.24652,-3.50861,5.58406,0
8,30,118,120.00000,-4.00000,6.92820,-60,True,110.00000,119.50000,-0.50000,1632,False,3,1017395,4987,-6.42363,-0.30814,-3.47868,5.40896,0
8,30,118,120.00000,-4.00000,6.92820,-60,True,110.00000,119.50000,-0.50000,1632,False,3,1017412,5004,-6.29405,-0.34923,-3.44947,5.27619,0
8,30,118,120.00000,-4.00000,6.92820,-60,True,110.00000,119.50000,-0.50000,1632,False,3,1017428,5020,-5.97934,-0.43140,-3.36328,4.96256,0
8,30,118,120.00000,-4.00000,6.92820,-60,True,110.00000,119.50000,-0.50000,1632,False,3,1017445,5037,-5.75720,-0.47249,-3.28779,4.74964,0
8,30,118,120.00000,-4.00000,6.92820,-60,True,110.00000,119.50000,-0.50000,1632,False,3,1017462,5054,-5.47952,-0.53412,-3.20232,4.47835,0
8,30,118,120.00000,-4.00000,6.92820,-60,True,110.00000,119.50000,-0.50000,1632,False,3,1017478,5070,-5.29440,-0.57520,-3.14534,4.29749,0
8,30,118,120.00000,-4.00000,6.92820,-60,True,110.00000,119.50000,-0.50000,1632,False,3,1017495,5087,-5.07226,-0.63683,-3.08764,4.07429,0
8,30,118,120.00000,-4.00000,6.92820,-60,True,110.00000,119.50000,-0.50000,1632,False,3,1017512,5104,-4.85012,-0.69846,-3.02994,3.85110,0
8,30,118,120.00000,-4.00000,6.92820,-60,True,110.00000,119.50000,-0.50000,1632,False,3,1017528,5120,-4.57244,-0.78063,-2.96227,3.56953,0
8,30,118,120.00000,-4.00000,6.92820,-60,True,110.00000,119.50000,-0.50000,1632,False,3,1017545,5137,-4.36881,-0.82172,-2.89603,3.37264,0
8,30,118,120.00000,-4.00000,6.92820,-60,True,110.00000,119.50000,-0.50000,1632,False,3,1017561,5153,-4.05411,-0.88335,-2.79205,3.06929,0
8,30,118,120.00000,-4.00000,6.92820,-60,True,110.00000,119.50000,-0.50000,1632,False,3,1017578,5170,-3.90601,-0.92443,-2.75359,2.92049,0
8,30,118,120.00000,-4.00000,6.92820,-60,True,110.00000,119.50000,-0.50000,1632,False,3,1017595,5187,-3.68387,-0.98606,-2.69589,2.69729,0
8,30,118,120.00000,-4.00000,6.92820,-60,True,110.00000,119.50000,-0.50000,1632,False,3,1017612,5204,-3.60982,-1.00661,-2.67666,2.62289,0
8,30,118,120.00000,-4.00000,6.92820,-60,True,110.00000,119.50000,-0.50000,1632,False,3,1017629,5221,-3.51726,-1.02715,-2.64817,2.53246,0
8,30,118,120.00000,-4.00000,6.92820,-60,True,110.00000,119.50000,-0.50000,1632,False,3,1017645,5237,-3.23958,-1.08878,-2.56270,2.26117,0
8,30,118,120.00000,-4.00000,6.92820,-60,True,110.00000,119.50000,-0.50000,1632,False,3,1017662,5254,-3.05446,-1.12986,-2.50572,2.08031,0
8,30,118,120.00000,-4.00000,6.92820,-60,True,110.00000,119.50000,-0.50000,1632,False,3,1017678,5270,-2.86935,-1.19149,-2.46653,1.88918,0
8,30,118,120.00000,-4.00000,6.92820,-60,True,110.00000,119.50000,-0.50000,1632,False,3,1017695,5287,-2.42506,-1.31475,-2.35114,1.44279,0
8,30,118,120.00000,-4.00000,6.92820,-60,True,110.00000,119.50000,-0.50000,1632,False,3,1017712,5304,-2.16589,-1.39692,-2.29272,1.17726,0
8,30,118,120.00000,-4.00000,6.92820,-60,True,110.00000,119.50000,-0.50000,1632,False,3,1017729,5321,-2.09185,-1.43801,-2.29127,1.09259,0
8,30,118,120.00000,-4.00000,6.92820,-60,True,110.00000,119.50000,-0.50000,1632,False,3,1017745,5337,-1.98077,-1.49964,-2.28911,0.96558,0
8,30,118,120.00000,-4.00000,6.92820,-60,True,110.00000,119.50000,-0.50000,1632,False,3,1017762,5354,-1.81417,-1.56127,-2.25918,0.79048,0
8,30,118,120.00000,-4.00000,6.92820,-60,True,110.00000,119.50000,-0.50000,1632,False,3,1017778,5370,-1.70310,-1.62289,-2.25701,0.66348,0
8,30,118,120.00000,-4.00000,6.92820,-60,True,110.00000,119.50000,-0.50000,1632,False,3,1017795,5387,-1.55500,-1.68452,-2.23634,0.50441,0
8,30,118,120.00000,-4.00000,6.92820,-60,True,110.00000,119.50000,-0.50000,1632,False,3,1017812,5404,-1.46244,-1.74615,-2.24343,0.39343,0
8,30,118,120.00000,-4.00000,6.92820,-60,True,110.00000,119.50000,-0.50000,1632,False,3,1017829,5421,-1.38839,-1.78724,-2.24199,0.30876,0
8,30,118,120.00000,-4.00000,6.92820,-60,True,110.00000,119.50000,-0.50000,1632,False,3,1017845,5437,-1.31435,-1.82832,-2.24055,0.22409,0
8,30,118,120.00000,-4.00000,6.92820,-60,True,110.00000,119.50000,-0.50000,1632,False,3,1017862,5454,-1.22179,-1.86941,-2.22985,0.12339,0
8,30,118,120.00000,-4.00000,6.92820,-60,True,110.00000,119.50000,-0.50000,1632,False,3,1017878,5470,-1.12923,-1.88995,-2.20136,0.03296,0
8,30,118,120.00000,-4.00000,6.92820,-60,True,110.00000,119.50000,-0.50000,1632,False,3,1017895,5487,-1.05518,-1.93104,-2.19992,-0.05171,0
8,30,118,120.00000,-4.00000,6.92820,-60,True,110.00000,119.50000,-0.50000,1632,False,3,1017912,5504,-0.99964,-1.95158,-2.18994,-0.11007,0
8,30,118,120.00000,-4.00000,6.92820,-60,True,110.00000,119.50000,-0.50000,1632,False,3,1017929,5521,-0.94411,-1.95158,-2.16217,-0.15817,0
8,30,118,120.00000,-4.00000,6.92820,-60,True,110.00000,119.50000,-0.50000,1632,False,3,1017945,5537,-0.88857,-1.97212,-2.15220,-0.21654,0
8,30,118,120.00000,-4.00000,6.92820,-60,True,110.00000,119.50000,-0.50000,1632,False,3,1017962,5554,-0.83304,-1.99267,-2.14222,-0.27490,0
8,30,118,120.00000,-4.00000,6.92820,-60,True,110.00000,119.50000,-0.50000,1632,False,3,1017979,5571,-0.79601,-1.99267,-2.12371,-0.30697,0
8,30,118,120.00000,-4.00000,6.92820,-60,True,110.00000,119.50000,-0.50000,1632,False,3,1017995,5587,-0.75899,-2.01321,-2.12299,-0.34930,0
8,30,118,120.00000,-4.00000,6.92820,-60,True,110.00000,119.50000,-0.50000,1632,False,3,1018012,5604,-0.74048,-2.01321,-2.11373,-0.36533,0
8,30,118,120.00000,-4.00000,6.92820,-60,True,110.00000,119.50000,-0.50000,1632,False,3,1018029,5621,-0.72196,-2.03375,-2.12226,-0.39164,0
8,30,118,120.00000,-4.00000,6.92820,-60,True,110.00000,119.50000,-0.50000,1632,False,3,1018046,5638,-0.70345,-2.03375,-2.11301,-0.40767,0
8,30,118,120.00000,-4.00000,6.92820,-60,True,110.00000,119.50000,-0.50000,1632,False,3,1018062,5654,-0.70345,-2.05430,-2.13080,-0.41794,0
8,30,118,120.00000,-4.00000,6.92820,-60,True,110.00000,119.50000,-0.50000,1632,False,3,1018079,5671,-0.68494,-2.05430,-2.12154,-0.43397,0
8,30,118,120.00000,-4.00000,6.92820,-60,True,110.00000,119.50000,-0.50000,1632,False,3,1018095,5687,-0.68494,-2.07484,-2.13933,-0.44424,0
8,30,118,120.00000,-4.00000,6.92820,-60,True,110.00000,119.50000,-0.50000,1632,False,3,1018112,5704,-0.68494,-2.09538,-2.15712,-0.45452,0
8,30,118,120.00000,-4.00000,6.92820,-60,True,110.00000,119.50000,-0.50000,1632,False,3,1018129,5721,-0.64792,-2.13647,-2.17419,-0.50712,0
8,30,118,120.00000,-4.00000,6.92820,-60,True,110.00000,119.50000,-0.50000,1632,False,3,1018145,5737,-0.62940,-2.17755,-2.20052,-0.54370,0
8,30,118,120.00000,-4.00000,6.92820,-60,True,110.00000,119.50000,-0.50000,1632,False,3,1018162,5754,-0.61089,-2.19810,-2.20905,-0.57000,0
8,30,118,120.00000,-4.00000,6.92820,-60,True,110.00000,119.50000,-0.50000,1632,False,3,1018179,5771,-0.61089,-2.21864,-2.22685,-0.58027,0
8,30,118,120.00000,-4.00000,6.92820,-60,True,110.00000,119.50000,-0.50000,1632,False,3,1018195,5787,-0.61089,-2.23918,-2.24464,-0.59054,0
8,30,118,120.00000,-4.00000,6.92820,-60,True,110.00000,119.50000,-0.50000,1632,False,3,1018212,5804,-0.61089,-2.25973,-2.26243,-0.60081,0
8,30,118,120.00000,-4.00000,6.92820,-60,True,110.00000,119.50000,-0.50000,1632,False,3,1018229,5821,-0.61089,-2.28027,-2.28022,-0.61109,0
8,30,118,120.00000,-4.00000,6.92820,-60,True,110.00000,119.50000,-0.50000,1632,False,3,1018245,5837,-0.61089,-2.30081,-2.29801,-0.62136,0
8,30,118,120.00000,-4.00000,6.92820,-60,True,110.00000,119.50000,-0.50000,1632,False,3,1018262,5854,-0.61089,-2.34190,-2.33359,-0.64190,0
8,30,118,120.00000,-4.00000,6.92820,-60,True,110.00000,119.50000,-0.50000,1632,False,3,1018279,5871,-0.61089,-2.38298,-2.36917,-0.66244,0
8,30,118,120.00000,-4.00000,6.92820,-60,True,110.00000,119.50000,-0.50000,1632,False,3,1018296,5888,-0.59238,-2.40353,-2.37771,-0.68875,0
8,30,118,120.00000,-4.00000,6.92820,-60,True,110.00000,119.50000,-0.50000,1632,False,3,1018312,5904,-0.59238,-2.42407,-2.39550,-0.69902,0
8,30,118,120.00000,-4.00000,6.92820,-60,True,110.00000,119.50000,-0.50000,1632,False,3,1018329,5921,-0.57387,-2.44461,-2.40403,-0.72532,0
8,30,118,120.00000,-4.00000,6.92820,-60,True,110.00000,119.50000,-0.50000,1632,False,3,1018346,5938,-0.55536,-2.46516,-2.41257,-0.75162,0
8,30,118,120.00000,-4.00000,6.92820,-60,True,110.00000,119.50000,-0.50000,1632,False,3,1018362,5954,-0.53685,-2.46516,-2.40331,-0.76766,0
8,30,118,120.00000,-4.00000,6.92820,-60,True,110.00000,119.50000,-0.50000,1632,False,3,1018379,5971,-0.53685,-2.46516,-2.40331,-0.76766,0
8,30,118,120.00000,-4.00000,6.92820,-60,True,110.00000,119.50000,-0.50000,1632,False,3,1018396,5988,-0.51833,-2.46516,-2.39405,-0.78369,0
8,30,118,120.00000,-4.00000,6.92820,-60,True,110.00000,119.50000,-0.50000,1632,False,3,1018412,6004,-0.51833,-2.46516,-2.39405,-0.78369,0
8,30,118,120.00000,-4.00000,6.92820,-60,True,110.00000,119.50000,-0.50000,1632,False,3,1018429,6021,-0.49982,-2.46516,-2.38480,-0.79972,0
8,30,118,120.00000,-4.00000,6.92820,-60,True,110.00000,119.50000,-0.50000,1632,False,3,1018446,6038,-0.49982,-2.44461,-2.36701,-0.78945,0
8,30,118,120.00000,-4.00000,6.92820,-60,True,110.00000,119.50000,-0.50000,1632,False,3,1018463,6055,-0.49982,-2.44461,-2.36701,-0.78945,0
8,30,118,120.00000,-4.00000,6.92820,-60,True,110.00000,119.50000,-0.50000,1632,False,3,1018479,6071,-0.49982,-2.42407,-2.34922,-0.77918,0
8,30,118,120.00000,-4.00000,6.92820,-60,True,110.00000,119.50000,-0.50000,1632,False,3,1018496,6088,-0.49982,-2.42407,-2.34922,-0.77918,0
8,30,118,120.00000,-4.00000,6.92820,-60,True,110.00000,119.50000,-0.50000,1632,False,3,1018512,6104,-0.51833,-2.40353,-2.34068,-0.75287,0
8,30,118,120.00000,-4.00000,6.92820,-60,True,110.00000,119.50000,-0.50000,1632,False,3,1018529,6121,-0.51833,-2.40353,-2.34068,-0.75287,0
8,30,118,120.00000,-4.00000,6.92820,-60,True,110.00000,119.50000,-0.50000,1632,False,3,1018546,6138,-0.51833,-2.38298,-2.32289,-0.74260,0
8,30,118,120.00000,-4.00000,6.92820,-60,True,110.00000,119.50000,-0.50000,1632,False,3,1018562,6154,-0.51833,-2.36244,-2.30510,-0.73233,0
8,30,118,120.00000,-4.00000,6.92820,-60,True,110.00000,119.50000,-0.50000,1632,False,3,1018579,6171,-0.53685,-2.34190,-2.29657,-0.70603,0
8,30,118,120.00000,-4.00000,6.92820,-60,True,110.00000,119.50000,-0.50000,1632,False,3,1018596,6188,-0.53685,-2.32135,-2.27877,-0.69576,0
8,30,118,120.00000,-4.00000,6.92820,-60,True,110.00000,119.50000,-0.50000,1632,False,3,1018612,6204,-0.53685,-2.32135,-2.27877,-0.69576,0
8,30,118,120.00000,-4.00000,6.92820,-60,True,110.00000,119.50000,-0.50000,1632,False,3,1018629,6221,-0.53685,-2.30081,-2.26098,-0.68548,0
8,30,118,120.00000,-4.00000,6.92820,-60,True,110.00000,119.50000,-0.50000,1632,False,3,1018646,6238,-0.53685,-2.30081,-2.26098,-0.68548,0
8,30,118,120.00000,-4.00000,6.92820,-60,True,110.00000,119.50000,-0.50000,1632,False,3,1018662,6254,-0.53685,-2.28027,-2.24319,-0.67521,0
8,30,118,120.00000,-4.00000,6.92820,-60,True,110.00000,119.50000,-0.50000,1632,False,3,1018679,6271,-0.53685,-2.25973,-2.22540,-0.66494,0
8,30,118,120.00000,-4.00000,6.92820,-60,True,110.00000,119.50000,-0.50000,1632,False,3,1018696,6288,-0.55536,-2.23918,-2.21687,-0.63864,0
8,30,118,120.00000,-4.00000,6.92820,-60,True,110.00000,119.50000,-0.50000,1632,False,3,1018712,6304,-0.57387,-2.21864,-2.20833,-0.61233,0
8,30,118,120.00000,-4.00000,6.92820,-60,True,110.00000,119.50000,-0.50000,1632,False,3,1018729,6321,-0.61089,-2.17755,-2.19126,-0.55973,0
8,30,118,120.00000,-4.00000,6.92820,-60,True,110.00000,119.50000,-0.50000,1632,False,3,1018746,6338,-0.66643,-2.11593,-2.16566,-0.48082,0
8,30,118,120.00000,-4.00000,6.92820,-60,True,110.00000,119.50000,-0.50000,1632,False,3,1018763,6355,-0.74048,-2.01321,-2.11373,-0.36533,0
8,30,118,120.00000,-4.00000,6.92820,-60,True,110.00000,119.50000,-0.50000,1632,False,3,1018779,6371,-0.88857,-1.84887,-2.04545,-0.15491,0
8,30,118,120.00000,-4.00000,6.92820,-60,True,110.00000,119.50000,-0.50000,1632,False,3,1018796,6388,-0.98113,-1.72561,-1.98499,-0.01312,0
8,30,118,120.00000,-4.00000,6.92820,-60,True,110.00000,119.50000,-0.50000,1632,False,3,1018813,6405,-1.09220,-1.60235,-1.93378,0.14470,0
8,30,118,120.00000,-4.00000,6.92820,-60,True,110.00000,119.50000,-0.50000,1632,False,3,1018829,6421,-1.18476,-1.49964,-1.89110,0.27622,0
8,30,118,120.00000,-4.00000,6.92820,-60,True,110.00000,119.50000,-0.50000,1632,False,3,1018846,6438,-1.29583,-1.37638,-1.83990,0.43404,0
8,30,118,120.00000,-4.00000,6.92820,-60,True,110.00000,119.50000,-0.50000,1632,False,3,1018863,6455,-1.38839,-1.29421,-1.81501,0.55528,0
8,30,118,120.00000,-4.00000,6.92820,-60,True,110.00000,119.50000,-0.50000,1632,False,3,1018879,6471,-1.48095,-1.19149,-1.77234,0.68680,0
8,30,118,120.00000,-4.00000,6.92820,-60,True,110.00000,119.50000,-0.50000,1632,False,3,1018896,6488,-1.55500,-1.12986,-1.75599,0.78174,0
8,30,118,120.00000,-4.00000,6.92820,-60,True,110.00000,119.50000,-0.50000,1632,False,3,1018913,6505,-1.59202,-1.04769,-1.70334,0.85489,0
8,30,118,120.00000,-4.00000,6.92820,-60,True,110.00000,119.50000,-0.50000,1632,False,3,1018929,6521,-1.62905,-0.96552,-1.65069,0.92804,0
8,30,118,120.00000,-4.00000,6.92820,-60,True,110.00000,119.50000,-0.50000,1632,False,3,1018946,6538,-1.64756,-0.92443,-1.62436,0.96461,0
8,30,118,120.00000,-4.00000,6.92820,-60,True,110.00000,119.50000,-0.50000,1632,False,3,1018963,6555,-1.64756,-0.86280,-1.57099,0.99543,0
8,30,118,120.00000,-4.00000,6.92820,-60,True,110.00000,119.50000,-0.50000,1632,False,3,1018979,6571,-1.62905,-0.82172,-1.52615,0.99994,0
8,30,118,120.00000,-4.00000,6.92820,-60,True,110.00000,119.50000,-0.50000,1632,False,3,1018996,6588,-1.59202,-0.78063,-1.47206,0.98842,0
8,30,118,120.00000,-4.00000,6.92820,-60,True,110.00000,119.50000,-0.50000,1632,False,3,1019013,6605,-1.55500,-0.71900,-1.40018,0.98717,0
8,30,118,120.00000,-4.00000,6.92820,-60,True,110.00000,119.50000,-0.50000,1632,False,3,1019030,6622,-1.53649,-0.69846,-1.37313,0.98141,0
8,30,118,120.00000,-4.00000,6.92820,-60,True,110.00000,119.50000,-0.50000,1632,False,3,1019046,6638,-1.49946,-0.67792,-1.33683,0.95962,0
8,30,118,120.00000,-4.00000,6.92820,-60,True,110.00000,119.50000,-0.50000,1632,False,3,1019063,6655,-1.48095,-0.65737,-1.30978,0.95385,0
8,30,118,120.00000,-4.00000,6.92820,-60,True,110.00000,119.50000,-0.50000,1632,False,3,1019079,6671,-1.44393,-0.63683,-1.27348,0.93206,0
8,30,118,120.00000,-4.00000,6.92820,-60,True,110.00000,119.50000,-0.50000,1632,False,3,1019096,6688,-1.42542,-0.63683,-1.26422,0.91603,0
8,30,118,120.00000,-4.00000,6.92820,-60,True,110.00000,119.50000,-0.50000,1632,False,3,1019113,6705,-1.40690,-0.61629,-1.23717,0.91027,0
8,30,118,120.00000,-4.00000,6.92820,-60,True,110.00000,119.50000,-0.50000,1632,False,3,1019130,6722,-1.36988,-0.59575,-1.20087,0.88848,0
8,30,118,120.00000,-4.00000,6.92820,-60,True,110.00000,119.50000,-0.50000,1632,False,3,1019146,6738,-1.35137,-0.57520,-1.17382,0.88272,0
8,30,118,120.00000,-4.00000,6.92820,-60,True,110.00000,119.50000,-0.50000,1632,False,3,1019163,6755,-1.33286,-0.55466,-1.14678,0.87696,0
8,30,118,120.00000,-4.00000,6.92820,-60,True,110.00000,119.50000,-0.50000,1632,False,3,1019180,6772,-1.31435,-0.51357,-1.10194,0.88147,0
8,30,118,120.00000,-4.00000,6.92820,-60,True,110.00000,119.50000,-0.50000,1632,False,3,1019196,6788,-1.29583,-0.49303,-1.07489,0.87571,0
8,30,118,120.00000,-4.00000,6.92820,-60,True,110.00000,119.50000,-0.50000,1632,False,3,1019213,6805,-1.29583,-0.47249,-1.05710,0.88598,0
8,30,118,120.00000,-4.00000,6.92820,-60,True,110.00000,119.50000,-0.50000,1632,False,3,1019230,6822,-1.27732,-0.43140,-1.01227,0.89049,0
8,30,118,120.00000,-4.00000,6.92820,-60,True,110.00000,119.50000,-0.50000,1632,False,3,1019246,6838,-1.25881,-0.39032,-0.96743,0.89500,0
8,30,118,120.00000,-4.00000,6.92820,-60,True,110.00000,119.50000,-0.50000,1632,False,3,1019263,6855,-1.25881,-0.34923,-0.93185,0.91555,0
8,30,118,120.00000,-4.00000,6.92820,-60,True,110.00000,119.50000,-0.50000,1632,False,3,1019280,6872,-1.25881,-0.30814,-0.89627,0.93609,0
8,30,118,120.00000,-4.00000,6.92820,-60,True,110.00000,119.50000,-0.50000,1632,False,3,1019296,6888,-1.25881,-0.26706,-0.86068,0.95663,0
8,30,118,120.00000,-4.00000,6.92820,-60,True,110.00000,119.50000,-0.50000,1632,False,3,1019313,6905,-1.25881,-0.22597,-0.82510,0.97717,0
8,30,118,120.00000,-4.00000,6.92820,-60,True,110.00000,119.50000,-0.50000,1632,False,3,1019330,6922,-1.25881,-0.18489,-0.78952,0.99772,0
8,30,118,120.00000,-4.00000,6.92820,-60,True,110.00000,119.50000,-0.50000,1632,False,3,1019347,6939,-1.25881,-0.16434,-0.77173,1.00799,0
8,30,118,120.00000,-4.00000,6.92820,-60,True,110.00000,119.50000,-0.50000,1632,False,3,1019363,6955,-1.24030,-0.12326,-0.72689,1.01250,0
8,30,118,120.00000,-4.00000,6.92820,-60,True,110.00000,119.50000,-0.50000,1632,False,3,1019380,6972,-1.24030,-0.10271,-0.70910,1.02277,0
8,30,118,120.00000,-4.00000,6.92820,-60,True,110.00000,119.50000,-0.50000,1632,False,3,1019396,6988,-1.24030,-0.06163,-0.67352,1.04331,0
8,30,118,120.00000,-4.00000,6.92820,-60,True,110.00000,119.50000,-0.50000,1632,False,3,1019413,7005,-1.22179,-0.02054,-0.62868,1.04783,0
8,30,118,120.00000,-4.00000,6.92820,-60,True,110.00000,119.50000,-0.50000,1632,False,3,1019430,7022,-1.22179,0.02054,-0.59310,1.06837,0
8,30,118,120.00000,-4.00000,6.92820,-60,True,110.00000,119.50000,-0.50000,1632,False,3,1019447,7039,-1.20327,0.04109,-0.56606,1.06261,0
8,30,118,120.00000,-4.00000,6.92820,-60,True,110.00000,119.50000,-0.50000,1632,False,3,1019463,7055,-1.18476,0.06163,-0.53901,1.05685,0
8,30,118,120.00000,-4.00000,6.92820,-60,True,110.00000,119.50000,-0.50000,1632,False,3,1019480,7072,-1.14774,0.10271,-0.48492,1.04533,0
8,30,118,120.00000,-4.00000,6.92820,-60,True,110.00000,119.50000,-0.50000,1632,False,3,1019496,7088,-1.12923,0.12326,-0.45787,1.03957,0
8,30,118,120.00000,-4.00000,6.92820,-60,True,110.00000,119.50000,-0.50000,1632,False,3,1019513,7105,-1.11071,0.14380,-0.43082,1.03381,0
8,30,118,120.00000,-4.00000,6.92820,-60,True,110.00000,119.50000,-0.50000,1632,False,3,1019530,7122,-1.09220,0.16434,-0.40378,1.02805,0
8,30,118,120.00000,-4.00000,6.92820,-60,True,110.00000,119.50000,-0.50000,1632,False,3,1019546,7138,-1.07369,0.18489,-0.37673,1.02229,0
8,30,118,120.00000,-4.00000,6.92820,-60,True,110.00000,119.50000,-0.50000,1632,False,3,1019563,7155,-1.05518,0.20543,-0.34968,1.01653,0
8,30,118,120.00000,-4.00000,6.92820,-60,True,110.00000,119.50000,-0.50000,1632,False,3,1019580,7172,-1.01815,0.24652,-0.29559,1.00501,0
8,30,118,120.00000,-4.00000,6.92820,-60,True,110.00000,119.50000,-0.50000,1632,False,3,1019597,7189,-0.99964,0.26706,-0.26854,0.99925,0
8,30,118,120.00000,-4.00000,6.92820,-60,True,110.00000,119.50000,-0.50000,1632,False,3,1019613,7205,-0.98113,0.30814,-0.22370,1.00376,0
8,30,118,120.00000,-4.00000,6.92820,-60,True,110.00000,119.50000,-0.50000,1632,False,3,1019630,7222,-0.98113,0.32869,-0.20591,1.01403,0
8,30,118,120.00000,-4.00000,6.92820,-60,True,110.00000,119.50000,-0.50000,1632,False,3,1019647,7239,-0.96262,0.34923,-0.17887,1.00827,0
8,30,118,120.00000,-4.00000,6.92820,-60,True,110.00000,119.50000,-0.50000,1632,False,3,1019663,7255,-0.92560,0.39032,-0.12477,0.99675,0
8,30,118,120.00000,-4.00000,6.92820,-60,True,110.00000,119.50000,-0.50000,1632,False,3,1019680,7272,-0.90708,0.41086,-0.09773,0.99099,0
8,30,118,120.00000,-4.00000,6.92820,-60,True,110.00000,119.50000,-0.50000,1632,False,3,1019697,7289,-0.88857,0.43140,-0.07068,0.98523,0
8,30,118,120.00000,-4.00000,6.92820,-60,True,110.00000,119.50000,-0.50000,1632,False,3,1019713,7305,-0.85155,0.45195,-0.03438,0.96343,0
8,30,118,120.00000,-4.00000,6.92820,-60,True,110.00000,119.50000,-0.50000,1632,False,3,1019730,7322,-0.83304,0.47249,-0.00733,0.95767,0
8,30,118,120.00000,-4.00000,6.92820,-60,True,110.00000,119.50000,-0.50000,1632,False,3,1019747,7339,-0.81452,0.49303,0.01972,0.95191,0
8,30,118,120.00000,-4.00000,6.92820,-60,True,110.00000,119.50000,-0.50000,1632,False,3,1019764,7356,-0.77750,0.51357,0.05602,0.93012,0
8,30,118,120.00000,-4.00000,6.92820,-60,True,110.00000,119.50000,-0.50000,1632,False,3,1019780,7372,-0.74048,0.51357,0.07453,0.89806,0
8,30,118,120.00000,-4.00000,6.92820,-60,True,110.00000,119.50000,-0.50000,1632,False,3,1019797,7389,-0.70345,0.51357,0.09304,0.86599,0
8,30,118,120.00000,-4.00000,6.92820,-60,True,110.00000,119.50000,-0.50000,1632,False,3,1019813,7405,-0.66643,0.51357,0.11155,0.83393,0
8,30,118,120.00000,-4.00000,6.92820,-60,True,110.00000,119.50000,-0.50000,1632,False,3,1019830,7422,-0.64792,0.49303,0.10302,0.80763,0
8,30,118,120.00000,-4.00000,6.92820,-60,True,110.00000,119.50000,-0.50000,1632,False,3,1019847,7439,-0.59238,0.45195,0.09521,0.73899,0
8,30,118,120.00000,-4.00000,6.92820,-60,True,110.00000,119.50000,-0.50000,1632,False,3,1019864,7456,-0.53685,0.43140,0.10518,0.68062,0
8,30,118,120.00000,-4.00000,6.92820,-60,True,110.00000,119.50000,-0.50000,1632,False,3,1019880,7472,-0.49982,0.41086,0.10590,0.63829,0
8,30,118,120.00000,-4.00000,6.92820,-60,True,110.00000,119.50000,-0.50000,1632,False,3,1019897,7489,-0.42577,0.36977,0.10735,0.55362,0
8,30,118,120.00000,-4.00000,6.92820,-60,True,110.00000,119.50000,-0.50000,1632,False,3,1019914,7506,-0.38875,0.32869,0.09028,0.50101,0
8,30,118,120.00000,-4.00000,6.92820,-60,True,110.00000,119.50000,-0.50000,1632,False,3,1019930,7522,-0.33321,0.28760,0.08246,0.43237,0
8,30,118,120.00000,-4.00000,6.92820,-60,True,110.00000,119.50000,-0.50000,1632,False,3,1019947,7539,-0.29619,0.24652,0.06539,0.37977,0
8,30,118,120.00000,-4.00000,6.92820,-60,True,110.00000,119.50000,-0.50000,1632,False,3,1019963,7555,-0.25917,0.22597,0.06611,0.33743,0
8,30,118,120.00000,-4.00000,6.92820,-60,True,110.00000,119.50000,-0.50000,1632,False,3,1019980,7572,-0.22214,0.18489,0.04905,0.28482,0
8,30,118,120.00000,-4.00000,6.92820,-60,True,110.00000,119.50000,-0.50000,1632,False,3,1019997,7589,-0.16661,0.16434,0.05902,0.22646,0
