task_idx,trial_idx,cutrial_no,targetangle_deg,targetx_cm,targety_cm,rotation_deg,doaiming_bool,aimstart_deg,aim_deg,aimdeviation_deg,aimtime_ms,zeroclamped_bool,phase,cutime_ms,time_ms,mousex_cm,mousey_cm,cursorx_cm,cursory_cm,deviation_bool
8,99,187,160.00000,-7.51754,2.73616,-50,True,150.00000,159.00000,-1.00000,1618,False,0,2137148,0,0.11107,0.06163,0.11861,-0.04547,0
8,99,187,160.00000,-7.51754,2.73616,-50,True,150.00000,159.00000,-1.00000,1618,False,1,2137164,16,0.11107,0.06163,0.11861,-0.04547,0
8,99,187,160.00000,-7.51754,2.73616,-50,True,150.00000,159.00000,-1.00000,1618,False,1,2137181,33,0.11107,0.06163,0.11861,-0.04547,0
8,99,187,160.00000,-7.51754,2.73616,-50,True,150.00000,159.00000,-1.00000,1618,False,1,2137198,50,0.11107,0.06163,0.11861,-0.04547,0
8,99,187,160.00000,-7.51754,2.73616,-50,True,150.00000,159.00000,-1.00000,1618,False,1,2137214,66,0.11107,0.06163,0.11861,-0.04547,0
8,99,187,160.00000,-7.51754,2.73616,-50,True,150.00000,159.00000,-1.00000,1618,False,1,2137231,83,0.11107,0.06163,0.11861,-0.04547,0
8,99,187,160.00000,-7.51754,2.73616,-50,True,150.00000,159.00000,-1.00000,1618,False,1,2137248,100,0.11107,0.06163,0.11861,-0.04547,0
8,99,187,160.00000,-7.51754,2.73616,-50,True,150.00000,159.00000,-1.00000,1618,False,1,2137264,116,0.11107,0.06163,0.11861,-0.04547,0
8,99,187,160.00000,-7.51754,2.73616,-50,True,150.00000,159.00000,-1.00000,1618,False,1,2137281,133,0.11107,0.06163,0.11861,-0.04547,0
8,99,187,160.00000,-7.51754,2.73616,-50,True,150.00000,159.00000,-1.00000,1618,False,1,2137298,150,0.11107,0.06163,0.11861,-0.04547,0
8,99,187,160.00000,-7.51754,2.73616,-50,True,150.00000,159.00000,-1.00000,1618,False,1,2137314,166,0.11107,0.06163,0.11861,-0.04547,0
8,99,187,160.00000,-7.51754,2.73616,-50,True,150.00000,159.00000,-1.00000,1618,False,1,2137331,183,0.11107,0.06163,0.11861,-0.04547,0
8,99,187,160.00000,-7.51754,2.73616,-50,True,150.00000,159.00000,-1.00000,1618,False,1,2137348,200,0.11107,0.06163,0.11861,-0.04547,0
8,99,187,160.00000,-7.51754,2.73616,-50,True,150.00000,159.00000,-1.00000,1618,False,1,2137364,216,0.07405,0.06163,0.09481,-0.01711,0
8,99,187,160.00000,-7.51754,2.73616,-50,True,150.00000,159.00000,-1.00000,1618,False,1,2137381,233,0.05554,0.06163,0.08291,-0.00293,0
8,99,187,160.00000,-7.51754,2.73616,-50,True,150.00000,159.00000,-1.00000,1618,False,1,2137398,250,0.01851,0.06163,0.05911,0.02543,0
8,99,187,160.00000,-7.51754,2.73616,-50,True,150.00000,159.00000,-1.00000,1618,False,1,2137415,267,-0.01851,0.08217,0.05105,0.06700,0
8,99,187,160.00000,-7.51754,2.73616,-50,True,150.00000,159.00000,-1.00000,1618,False,1,2137431,283,-0.07405,0.06163,-0.00039,0.09634,0
8,99,187,160.00000,-7.51754,2.73616,-50,True,150.00000,159.00000,-1.00000,1618,False,1,2137448,300,-0.12958,0.06163,-0.03608,0.13888,0
8,99,187,160.00000,-7.51754,2.73616,-50,True,150.00000,159.00000,-1.00000,1618,False,1,2137465,317,-0.18512,0.06163,-0.07178,0.18142,0
8,99,187,160.00000,-7.51754,2.73616,-50,True,150.00000,159.00000,-1.00000,1618,False,1,2137481,333,-0.24065,0.04109,-0.12322,0.21076,0
8,99,187,160.00000,-7.51754,2.73616,-50,True,150.00000,159.00000,-1.00000,1618,False,1,2137498,350,-0.27768,0.04109,-0.14701,0.23912,0
8,99,187,160.00000,-7.51754,2.73616,-50,True,150.00000,159.00000,-1.00000,1618,False,0,2137515,367,-0.37024,0.02054,-0.22225,0.29682,0
8,99,187,160.00000,-7.51754,2.73616,-50,True,150.00000,159.00000,-1.00000,1618,False,0,2137531,383,-0.42577,0.02054,-0.25795,0.33937,0
8,99,187,160.00000,-7.51754,2.73616,-50,True,150.00000,159.00000,-1.00000,1618,False,0,2137548,400,-0.49982,0.02054,-0.30554,0.39609,0
8,99,187,160.00000,-7.51754,2.73616,-50,True,150.00000,159.00000,-1.00000,1618,False,0,2137565,417,-0.59238,0.00000,-0.38078,0.45379,0
8,99,187,160.00000,-7.51754,2.73616,-50,True,150.00000,159.00000,-1.00000,1618,False,0,2137581,433,-0.68494,-0.02054,-0.45601,0.51149,0
8,99,187,160.00000,-7.51754,2.73616,-50,True,150.00000,159.00000,-1.00000,1618,False,0,2137598,450,-0.79601,-0.04109,-0.54314,0.58337,0
8,99,187,160.00000,-7.51754,2.73616,-50,True,150.00000,159.00000,-1.00000,1618,False,0,2137615,467,-0.88857,-0.04109,-0.60264,0.65428,0
8,99,187,160.00000,-7.51754,2.73616,-50,True,150.00000,159.00000,-1.00000,1618,False,0,2137631,483,-0.99964,-0.08217,-0.70551,0.71295,0
8,99,187,160.00000,-7.51754,2.73616,-50,True,150.00000,159.00000,-1.00000,1618,False,0,2137648,500,-1.12923,-0.10271,-0.80454,0.79901,0
8,99,187,160.00000,-7.51754,2.73616,-50,True,150.00000,159.00000,-1.00000,1618,False,0,2137665,517,-1.29583,-0.14380,-0.94310,0.90023,0
8,99,187,160.00000,-7.51754,2.73616,-50,True,150.00000,159.00000,-1.00000,1618,False,0,2137681,533,-1.48095,-0.18489,-1.09357,1.01563,0
8,99,187,160.00000,-7.51754,2.73616,-50,True,150.00000,159.00000,-1.00000,1618,False,0,2137698,550,-1.61054,-0.22597,-1.20834,1.08849,0
8,99,187,160.00000,-7.51754,2.73616,-50,True,150.00000,159.00000,-1.00000,1618,False,0,2137715,567,-1.74012,-0.24652,-1.30737,1.17455,0
8,99,187,160.00000,-7.51754,2.73616,-50,True,150.00000,159.00000,-1.00000,1618,False,0,2137731,583,-1.92524,-0.28760,-1.45783,1.28995,0
8,99,187,160.00000,-7.51754,2.73616,-50,True,150.00000,159.00000,-1.00000,1618,False,0,2137748,600,-2.05482,-0.32869,-1.57260,1.36281,0
8,99,187,160.00000,-7.51754,2.73616,-50,True,150.00000,159.00000,-1.00000,1618,False,0,2137765,617,-2.20292,-0.34923,-1.68353,1.46305,0
8,99,187,160.00000,-7.51754,2.73616,-50,True,150.00000,159.00000,-1.00000,1618,False,0,2137781,633,-2.36952,-0.39032,-1.82210,1.56427,0
8,99,187,160.00000,-7.51754,2.73616,-50,True,150.00000,159.00000,-1.00000,1618,False,0,2137798,650,-2.49911,-0.43140,-1.93687,1.63713,0
8,99,187,160.00000,-7.51754,2.73616,-50,True,150.00000,159.00000,-1.00000,1618,False,0,2137815,667,-2.64720,-0.45195,-2.04780,1.73737,0
8,99,187,160.00000,-7.51754,2.73616,-50,True,150.00000,159.00000,-1.00000,1618,False,0,2137831,683,-2.73976,-0.47249,-2.12303,1.79507,0
8,99,187,160.00000,-7.51754,2.73616,-50,True,150.00000,159.00000,-1.00000,1618,False,0,2137848,700,-2.85083,-0.47249,-2.19443,1.88016,0
8,99,187,160.00000,-7.51754,2.73616,-50,True,150.00000,159.00000,-1.00000,1618,False,0,2137865,717,-2.96190,-0.47249,-2.26582,1.96524,0
8,99,187,160.00000,-7.51754,2.73616,-50,True,150.00000,159.00000,-1.00000,1618,False,0,2137882,734,-3.03595,-0.47249,-2.31342,2.02196,0
8,99,187,160.00000,-7.51754,2.73616,-50,True,150.00000,159.00000,-1.00000,1618,False,0,2137898,750,-3.11000,-0.47249,-2.36102,2.07869,0
8,99,187,160.00000,-7.51754,2.73616,-50,True,150.00000,159.00000,-1.00000,1618,False,0,2137915,767,-3.16554,-0.45195,-2.38098,2.13444,0
8,99,187,160.00000,-7.51754,2.73616,-50,True,150.00000,159.00000,-1.00000,1618,False,0,2137932,784,-3.20256,-0.45195,-2.40478,2.16280,0
8,99,187,160.00000,-7.51754,2.73616,-50,True,150.00000,159.00000,-1.00000,1618,False,0,2137948,800,-3.22107,-0.45195,-2.41667,2.17698,0
8,99,187,160.00000,-7.51754,2.73616,-50,True,150.00000,159.00000,-1.00000,1618,False,0,2137965,817,-3.25810,-0.43140,-2.42474,2.21855,0
8,99,187,160.00000,-7.51754,2.73616,-50,True,150.00000,159.00000,-1.00000,1618,False,0,2137982,834,-3.25810,-0.43140,-2.42474,2.21855,0
8,99,187,160.00000,-7.51754,2.73616,-50,True,150.00000,159.00000,-1.00000,1618,False,0,2137998,850,-3.27661,-0.43140,-2.43664,2.23273,0
8,99,187,160.00000,-7.51754,2.73616,-50,True,150.00000,159.00000,-1.00000,1618,False,0,2138015,867,-3.27661,-0.43140,-2.43664,2.23273,0
8,99,187,160.00000,-7.51754,2.73616,-50,True,150.00000,159.00000,-1.00000,1618,False,0,2138032,884,-3.27661,-0.43140,-2.43664,2.23273,0
8,99,187,160.00000,-7.51754,2.73616,-50,True,150.00000,159.00000,-1.00000,1618,False,0,2138048,900,-3.27661,-0.43140,-2.43664,2.23273,0
8,99,187,160.00000,-7.51754,2.73616,-50,True,150.00000,159.00000,-1.00000,1618,False,0,2138065,917,-3.27661,-0.43140,-2.43664,2.23273,0
8,99,187,160.00000,-7.51754,2.73616,-50,True,150.00000,159.00000,-1.00000,1618,False,0,2138082,934,-3.27661,-0.43140,-2.43664,2.23273,0
8,99,187,160.00000,-7.51754,2.73616,-50,True,150.00000,159.00000,-1.00000,1618,False,0,2138098,950,-3.27661,-0.43140,-2.43664,2.23273,0
8,99,187,160.00000,-7.51754,2.73616,-50,True,150.00000,159.00000,-1.00000,1618,False,0,2138115,967,-3.27661,-0.43140,-2.43664,2.23273,0
8,99,187,160.00000,-7.51754,2.73616,-50,True,150.00000,159.00000,-1.00000,1618,False,0,2138132,984,-3.23958,-0.41086,-2.39710,2.21757,0
8,99,187,160.00000,-7.51754,2.73616,-50,True,150.00000,159.00000,-1.00000,1618,False,0,2138148,1000,-3.22107,-0.41086,-2.38520,2.20339,0
8,99,187,160.00000,-7.51754,2.73616,-50,True,150.00000,159.00000,-1.00000,1618,False,0,2138165,1017,-3.18405,-0.39032,-2.34567,2.18823,0
8,99,187,160.00000,-7.51754,2.73616,-50,True,150.00000,159.00000,-1.00000,1618,False,0,2138182,1034,-3.12851,-0.39032,-2.30997,2.14569,0
8,99,187,160.00000,-7.51754,2.73616,-50,True,150.00000,159.00000,-1.00000,1618,False,0,2138198,1050,-3.03595,-0.34923,-2.21900,2.10119,0
8,99,187,160.00000,-7.51754,2.73616,-50,True,150.00000,159.00000,-1.00000,1618,False,0,2138215,1067,-2.96190,-0.32869,-2.15566,2.05767,0
8,99,187,160.00000,-7.51754,2.73616,-50,True,150.00000,159.00000,-1.00000,1618,False,0,2138232,1084,-2.85083,-0.28760,-2.05280,1.99900,0
8,99,187,160.00000,-7.51754,2.73616,-50,True,150.00000,159.00000,-1.00000,1618,False,0,2138248,1100,-2.75827,-0.24652,-1.96183,1.95450,0
8,99,187,160.00000,-7.51754,2.73616,-50,True,150.00000,159.00000,-1.00000,1618,False,0,2138265,1117,-2.66571,-0.22597,-1.88659,1.89680,0
8,99,187,160.00000,-7.51754,2.73616,-50,True,150.00000,159.00000,-1.00000,1618,False,0,2138282,1134,-2.51762,-0.18489,-1.75993,1.80977,0
8,99,187,160.00000,-7.51754,2.73616,-50,True,150.00000,159.00000,-1.00000,1618,False,0,2138298,1150,-2.42506,-0.14380,-1.66896,1.76527,0
8,99,187,160.00000,-7.51754,2.73616,-50,True,150.00000,159.00000,-1.00000,1618,False,0,2138315,1167,-2.33250,-0.10271,-1.57799,1.72077,0
8,99,187,160.00000,-7.51754,2.73616,-50,True,150.00000,159.00000,-1.00000,1618,False,0,2138332,1184,-2.22143,-0.08217,-1.49085,1.64889,0
8,99,187,160.00000,-7.51754,2.73616,-50,True,150.00000,159.00000,-1.00000,1618,False,0,2138348,1200,-2.07333,-0.04109,-1.36419,1.56186,0
8,99,187,160.00000,-7.51754,2.73616,-50,True,150.00000,159.00000,-1.00000,1618,False,0,2138365,1217,-1.98077,0.00000,-1.27322,1.51736,0
8,99,187,160.00000,-7.51754,2.73616,-50,True,150.00000,159.00000,-1.00000,1618,False,0,2138382,1234,-1.85119,0.02054,-1.17419,1.43130,0
8,99,187,160.00000,-7.51754,2.73616,-50,True,150.00000,159.00000,-1.00000,1618,False,0,2138399,1251,-1.75863,0.04109,-1.09895,1.37360,0
8,99,187,160.00000,-7.51754,2.73616,-50,True,150.00000,159.00000,-1.00000,1618,False,0,2138415,1267,-1.66607,0.06163,-1.02372,1.31590,0
8,99,187,160.00000,-7.51754,2.73616,-50,True,150.00000,159.00000,-1.00000,1618,False,0,2138432,1284,-1.57351,0.08217,-0.94849,1.25820,0
8,99,187,160.00000,-7.51754,2.73616,-50,True,150.00000,159.00000,-1.00000,1618,False,0,2138449,1301,-1.44393,0.08217,-0.86519,1.15893,0
8,99,187,160.00000,-7.51754,2.73616,-50,True,150.00000,159.00000,-1.00000,1618,False,0,2138465,1317,-1.33286,0.10271,-0.77806,1.08705,0
8,99,187,160.00000,-7.51754,2.73616,-50,True,150.00000,159.00000,-1.00000,1618,False,0,2138482,1334,-1.25881,0.10271,-0.73046,1.03033,0
8,99,187,160.00000,-7.51754,2.73616,-50,True,150.00000,159.00000,-1.00000,1618,False,0,2138499,1351,-1.16625,0.10271,-0.67097,0.95942,0
8,99,187,160.00000,-7.51754,2.73616,-50,True,150.00000,159.00000,-1.00000,1618,False,0,2138515,1367,-1.09220,0.12326,-0.60763,0.91590,0
8,99,187,160.00000,-7.51754,2.73616,-50,True,150.00000,159.00000,-1.00000,1618,False,0,2138532,1384,-0.99964,0.14380,-0.53240,0.85820,0
8,99,187,160.00000,-7.51754,2.73616,-50,True,150.00000,159.00000,-1.00000,1618,False,0,2138549,1401,-0.90708,0.16434,-0.45717,0.80050,0
8,99,187,160.00000,-7.51754,2.73616,-50,True,150.00000,159.00000,-1.00000,1618,False,0,2138566,1418,-0.83304,0.18489,-0.39383,0.75699,0
8,99,187,160.00000,-7.51754,2.73616,-50,True,150.00000,159.00000,-1.00000,1618,False,0,2138582,1434,-0.74048,0.18489,-0.33434,0.68608,0
8,99,187,160.00000,-7.51754,2.73616,-50,True,150.00000,159.00000,-1.00000,1618,False,0,2138599,1451,-0.68494,0.20543,-0.28290,0.65674,0
8,99,187,160.00000,-7.51754,2.73616,-50,True,150.00000,159.00000,-1.00000,1618,False,0,2138615,1467,-0.62940,0.22597,-0.23147,0.62740,0
8,99,187,160.00000,-7.51754,2.73616,-50,True,150.00000,159.00000,-1.00000,1618,False,0,2138632,1484,-0.55536,0.24652,-0.16813,0.58389,0
8,99,187,160.00000,-7.51754,2.73616,-50,True,150.00000,159.00000,-1.00000,1618,False,0,2138649,1501,-0.49982,0.24652,-0.13244,0.54134,0
8,99,187,160.00000,-7.51754,2.73616,-50,True,150.00000,159.00000,-1.00000,1618,False,0,2138665,1517,-0.46280,0.26706,-0.09290,0.52619,0
8,99,187,160.00000,-7.51754,2.73616,-50,True,150.00000,159.00000,-1.00000,1618,False,0,2138682,1534,-0.42577,0.28760,-0.05337,0.51103,0
8,99,187,160.00000,-7.51754,2.73616,-50,True,150.00000,159.00000,-1.00000,1618,False,0,2138699,1551,-0.37024,0.30814,-0.00193,0.48169,0
8,99,187,160.00000,-7.51754,2.73616,-50,True,150.00000,159.00000,-1.00000,1618,False,0,2138716,1568,-0.33321,0.32869,0.03760,0.46653,0
8,99,187,160.00000,-7.51754,2.73616,-50,True,150.00000,159.00000,-1.00000,1618,False,0,2138732,1584,-0.27768,0.34923,0.08904,0.43720,0
8,99,187,160.00000,-7.51754,2.73616,-50,True,150.00000,159.00000,-1.00000,1618,False,0,2138749,1601,-0.25917,0.36977,0.11667,0.43622,0
8,99,187,160.00000,-7.51754,2.73616,-50,True,150.00000,159.00000,-1.00000,1618,False,0,2138765,1617,-0.24065,0.36977,0.12857,0.42204,0
8,99,187,160.00000,-7.51754,2.73616,-50,True,150.00000,159.00000,-1.00000,1618,False,0,2138782,1634,-0.20363,0.39032,0.16811,0.40688,0
8,99,187,160.00000,-7.51754,2.73616,-50,True,150.00000,159.00000,-1.00000,1618,False,0,2138799,1651,-0.16661,0.39032,0.19191,0.37852,0
8,99,187,160.00000,-7.51754,2.73616,-50,True,150.00000,159.00000,-1.00000,1618,False,0,2138815,1667,-0.11107,0.41086,0.24334,0.34918,0
8,99,187,160.00000,-7.51754,2.73616,-50,True,150.00000,159.00000,-1.00000,1618,False,0,2138832,1684,-0.07405,0.39032,0.25140,0.30761,0
8,99,187,160.00000,-7.51754,2.73616,-50,True,150.00000,159.00000,-1.00000,1618,False,0,2138849,1701,-0.03702,0.39032,0.27520,0.27925,0
8,99,187,160.00000,-7.51754,2.73616,-50,True,150.00000,159.00000,-1.00000,1618,False,0,2138865,1717,-0.01851,0.36977,0.27136,0.25187,0
8,99,187,160.00000,-7.51754,2.73616,-50,True,150.00000,159.00000,-1.00000,1618,False,0,2138882,1734,0.03702,0.34923,0.29132,0.19612,0
8,99,187,160.00000,-7.51754,2.73616,-50,True,150.00000,159.00000,-1.00000,1618,False,0,2138899,1751,0.05554,0.30814,0.27175,0.15553,0
8,99,187,160.00000,-7.51754,2.73616,-50,True,150.00000,159.00000,-1.00000,1618,False,0,2138916,1768,0.07405,0.28760,0.26791,0.12814,0
8,99,187,160.00000,-7.51754,2.73616,-50,True,150.00000,159.00000,-1.00000,1618,False,0,2138932,1784,0.09256,0.26706,0.26407,0.10076,0
8,99,187,160.00000,-7.51754,2.73616,-50,True,150.00000,159.00000,-1.00000,1618,False,0,2138949,1801,0.09256,0.24652,0.24834,0.08755,0
8,99,187,160.00000,-7.51754,2.73616,-50,True,150.00000,159.00000,-1.00000,1618,False,0,2138966,1818,0.09256,0.22597,0.23260,0.07435,0
8,99,187,160.00000,-7.51754,2.73616,-50,True,150.00000,159.00000,-1.00000,1618,False,1,2138983,1835,0.09256,0.20543,0.21686,0.06114,0
8,99,187,160.00000,-7.51754,2.73616,-50,True,150.00000,159.00000,-1.00000,1618,False,1,2138999,1851,0.09256,0.18489,0.20113,0.04794,0
8,99,187,160.00000,-7.51754,2.73616,-50,True,150.00000,159.00000,-1.00000,1618,False,1,2139016,1868,0.09256,0.18489,0.20113,0.04794,0
8,99,187,160.00000,-7.51754,2.73616,-50,True,150.00000,159.00000,-1.00000,1618,False,1,2139033,1885,0.09256,0.16434,0.18539,0.03473,0
8,99,187,160.00000,-7.51754,2.73616,-50,True,150.00000,159.00000,-1.00000,1618,False,1,2139049,1901,0.07405,0.14380,0.15775,0.03571,0
8,99,187,160.00000,-7.51754,2.73616,-50,True,150.00000,159.00000,-1.00000,1618,False,1,2139066,1918,0.05554,0.12326,0.13012,0.03669,0
8,99,187,160.00000,-7.51754,2.73616,-50,True,150.00000,159.00000,-1.00000,1618,False,1,2139082,1934,0.05554,0.12326,0.13012,0.03669,0
8,99,187,160.00000,-7.51754,2.73616,-50,True,150.00000,159.00000,-1.00000,1618,False,1,2139099,1951,0.03702,0.10271,0.10248,0.03766,0
8,99,187,160.00000,-7.51754,2.73616,-50,True,150.00000,159.00000,-1.00000,1618,False,1,2139116,1968,0.03702,0.08217,0.08675,0.02446,0
8,99,187,160.00000,-7.51754,2.73616,-50,True,150.00000,159.00000,-1.00000,1618,False,1,2139133,1985,0.03702,0.08217,0.08675,0.02446,0
8,99,187,160.00000,-7.51754,2.73616,-50,True,150.00000,159.00000,-1.00000,1618,False,1,2139149,2001,0.03702,0.08217,0.08675,0.02446,0
8,99,187,160.00000,-7.51754,2.73616,-50,True,150.00000,159.00000,-1.00000,1618,False,1,2139166,2018,0.03702,0.08217,0.08675,0.02446,0
8,99,187,160.00000,-7.51754,2.73616,-50,True,150.00000,159.00000,-1.00000,1618,False,1,2139183,2035,0.03702,0.08217,0.08675,0.02446,0
8,99,187,160.00000,-7.51754,2.73616,-50,True,150.00000,159.00000,-1.00000,1618,False,1,2139199,2051,0.03702,0.08217,0.08675,0.02446,0
8,99,187,160.00000,-7.51754,2.73616,-50,True,150.00000,159.00000,-1.00000,1618,False,1,2139216,2068,0.03702,0.08217,0.08675,0.02446,0
8,99,187,160.00000,-7.51754,2.73616,-50,True,150.00000,159.00000,-1.00000,1618,False,1,2139232,2084,0.03702,0.08217,0.08675,0.02446,0
8,99,187,160.00000,-7.51754,2.73616,-50,True,150.00000,159.00000,-1.00000,1618,False,1,2139249,2101,0.03702,0.08217,0.08675,0.02446,0
8,99,187,160.00000,-7.51754,2.73616,-50,True,150.00000,159.00000,-1.00000,1618,False,1,2139266,2118,0.03702,0.08217,0.08675,0.02446,0
8,99,187,160.00000,-7.51754,2.73616,-50,True,150.00000,159.00000,-1.00000,1618,False,1,2139283,2135,0.03702,0.08217,0.08675,0.02446,0
8,99,187,160.00000,-7.51754,2.73616,-50,True,150.00000,159.00000,-1.00000,1618,False,1,2139299,2151,0.03702,0.08217,0.08675,0.02446,0
8,99,187,160.00000,-7.51754,2.73616,-50,True,150.00000,159.00000,-1.00000,1618,False,1,2139316,2168,0.03702,0.08217,0.08675,0.02446,0
8,99,187,160.00000,-7.51754,2.73616,-50,True,150.00000,159.00000,-1.00000,1618,False,2,2139333,2185,0.03702,0.08217,0.08675,0.02446,0
8,99,187,160.00000,-7.51754,2.73616,-50,True,150.00000,159.00000,-1.00000,1618,False,2,2139349,2201,0.03702,0.08217,0.08675,0.02446,0
8,99,187,160.00000,-7.51754,2.73616,-50,True,150.00000,159.00000,-1.00000,1618,False,2,2139366,2218,0.03702,0.08217,0.08675,0.02446,0
8,99,187,160.00000,-7.51754,2.73616,-50,True,150.00000,159.00000,-1.00000,1618,False,2,2139383,2235,0.03702,0.08217,0.08675,0.02446,0
8,99,187,160.00000,-7.51754,2.73616,-50,True,150.00000,159.00000,-1.00000,1618,False,2,2139399,2251,0.03702,0.08217,0.08675,0.02446,0
8,99,187,160.00000,-7.51754,2.73616,-50,True,150.00000,159.00000,-1.00000,1618,False,2,2139416,2268,0.03702,0.08217,0.08675,0.02446,0
8,99,187,160.00000,-7.51754,2.73616,-50,True,150.00000,159.00000,-1.00000,1618,False,2,2139433,2285,0.03702,0.08217,0.08675,0.02446,0
8,99,187,160.00000,-7.51754,2.73616,-50,True,150.00000,159.00000,-1.00000,1618,False,2,2139450,2302,0.03702,0.08217,0.08675,0.02446,0
8,99,187,160.00000,-7.51754,2.73616,-50,True,150.00000,159.00000,-1.00000,1618,False,2,2139466,2318,0.03702,0.08217,0.08675,0.02446,0
8,99,187,160.00000,-7.51754,2.73616,-50,True,150.00000,159.00000,-1.00000,1618,False,2,2139483,2335,0.03702,0.08217,0.08675,0.02446,0
8,99,187,160.00000,-7.51754,2.73616,-50,True,150.00000,159.00000,-1.00000,1618,False,2,2139499,2351,0.03702,0.08217,0.08675,0.02446,0
8,99,187,160.00000,-7.51754,2.73616,-50,True,150.00000,159.00000,-1.00000,1618,False,2,2139516,2368,0.03702,0.08217,0.08675,0.02446,0
8,99,187,160.00000,-7.51754,2.73616,-50,True,150.00000,159.00000,-1.00000,1618,False,2,2139533,2385,0.03702,0.08217,0.08675,0.02446,0
8,99,187,160.00000,-7.51754,2.73616,-50,True,150.00000,159.00000,-1.00000,1618,False,2,2139550,2402,0.03702,0.08217,0.08675,0.02446,0
8,99,187,160.00000,-7.51754,2.73616,-50,True,150.00000,159.00000,-1.00000,1618,False,2,2139566,2418,0.03702,0.08217,0.08675,0.02446,0
8,99,187,160.00000,-7.51754,2.73616,-50,True,150.00000,159.00000,-1.00000,1618,False,2,2139583,2435,0.03702,0.08217,0.08675,0.02446,0
8,99,187,160.00000,-7.51754,2.73616,-50,True,150.00000,159.00000,-1.00000,1618,False,2,2139599,2451,0.03702,0.08217,0.08675,0.02446,0
8,99,187,160.00000,-7.51754,2.73616,-50,True,150.00000,159.00000,-1.00000,1618,False,2,2139616,2468,0.03702,0.08217,0.08675,0.02446,0
8,99,187,160.00000,-7.51754,2.73616,-50,True,150.00000,159.00000,-1.00000,1618,False,2,2139633,2485,0.03702,0.08217,0.08675,0.02446,0
8,99,187,160.00000,-7.51754,2.73616,-50,True,150.00000,159.00000,-1.00000,1618,False,2,2139649,2501,0.03702,0.08217,0.08675,0.02446,0
8,99,187,160.00000,-7.51754,2.73616,-50,True,150.00000,159.00000,-1.00000,1618,False,2,2139666,2518,0.03702,0.08217,0.08675,0.02446,0
8,99,187,160.00000,-7.51754,2.73616,-50,True,150.00000,159.00000,-1.00000,1618,False,2,2139683,2535,0.03702,0.08217,0.08675,0.02446,0
8,99,187,160.00000,-7.51754,2.73616,-50,True,150.00000,159.00000,-1.00000,1618,False,2,2139700,2552,0.03702,0.08217,0.08675,0.02446,0
8,99,187,160.00000,-7.51754,2.73616,-50,True,150.00000,159.00000,-1.00000,1618,False,2,2139716,2568,0.03702,0.08217,0.08675,0.02446,0
8,99,187,160.00000,-7.51754,2.73616,-50,True,150.00000,159.00000,-1.00000,1618,False,2,2139733,2585,0.03702,0.08217,0.08675,0.02446,0
8,99,187,160.00000,-7.51754,2.73616,-50,True,150.00000,159.00000,-1.00000,1618,False,2,2139750,2602,0.01851,0.08217,0.07485,0.03864,0
8,99,187,160.00000,-7.51754,2.73616,-50,True,150.00000,159.00000,-1.00000,1618,False,2,2139766,2618,0.00000,0.10271,0.07868,0.06602,0
8,99,187,160.00000,-7.51754,2.73616,-50,True,150.00000,159.00000,-1.00000,1618,False,2,2139783,2635,-0.03702,0.10271,0.05489,0.09439,0
8,99,187,160.00000,-7.51754,2.73616,-50,True,150.00000,159.00000,-1.00000,1618,False,2,2139800,2652,-0.07405,0.10271,0.03109,0.12275,0
8,99,187,160.00000,-7.51754,2.73616,-50,True,150.00000,159.00000,-1.00000,1618,False,2,2139816,2668,-0.11107,0.10271,0.00729,0.15111,0
8,99,187,160.00000,-7.51754,2.73616,-50,True,150.00000,159.00000,-1.00000,1618,False,2,2139833,2685,-0.14810,0.10271,-0.01651,0.17947,0
8,99,187,160.00000,-7.51754,2.73616,-50,True,150.00000,159.00000,-1.00000,1618,False,2,2139850,2702,-0.18512,0.10271,-0.04031,0.20783,0
8,99,187,160.00000,-7.51754,2.73616,-50,True,150.00000,159.00000,-1.00000,1618,False,2,2139866,2718,-0.24065,0.08217,-0.09174,0.23717,0
8,99,187,160.00000,-7.51754,2.73616,-50,True,150.00000,159.00000,-1.00000,1618,False,2,2139883,2735,-0.27768,0.08217,-0.11554,0.26553,0
8,99,187,160.00000,-7.51754,2.73616,-50,True,150.00000,159.00000,-1.00000,1618,False,2,2139900,2752,-0.33321,0.08217,-0.15124,0.30808,0
8,99,187,160.00000,-7.51754,2.73616,-50,True,150.00000,159.00000,-1.00000,1618,False,2,2139916,2768,-0.38875,0.08217,-0.18694,0.35062,0
8,99,187,160.00000,-7.51754,2.73616,-50,True,150.00000,159.00000,-1.00000,1618,False,2,2139933,2785,-0.44429,0.10271,-0.20690,0.40637,0
8,99,187,160.00000,-7.51754,2.73616,-50,True,150.00000,159.00000,-1.00000,1618,False,2,2139950,2802,-0.51833,0.10271,-0.25449,0.46309,0
8,99,187,160.00000,-7.51754,2.73616,-50,True,150.00000,159.00000,-1.00000,1618,False,2,2139967,2819,-0.57387,0.10271,-0.29019,0.50563,0
8,99,187,160.00000,-7.51754,2.73616,-50,True,150.00000,159.00000,-1.00000,1618,False,2,2139983,2835,-0.62940,0.10271,-0.32589,0.54818,0
8,99,187,160.00000,-7.51754,2.73616,-50,True,150.00000,159.00000,-1.00000,1618,False,2,2140000,2852,-0.70345,0.10271,-0.37349,0.60490,0
8,99,187,160.00000,-7.51754,2.73616,-50,True,150.00000,159.00000,-1.00000,1618,False,2,2140017,2869,-0.79601,0.10271,-0.43298,0.67580,0
8,99,187,160.00000,-7.51754,2.73616,-50,True,150.00000,159.00000,-1.00000,1618,False,2,2140033,2885,-0.90708,0.10271,-0.50438,0.76089,0
8,99,187,160.00000,-7.51754,2.73616,-50,True,150.00000,159.00000,-1.00000,1618,False,2,2140050,2902,-0.99964,0.08217,-0.57961,0.81859,0
8,99,187,160.00000,-7.51754,2.73616,-50,True,150.00000,159.00000,-1.00000,1618,False,2,2140066,2918,-1.09220,0.08217,-0.63911,0.88949,0
8,99,187,160.00000,-7.51754,2.73616,-50,True,150.00000,159.00000,-1.00000,1618,False,2,2140083,2935,-1.20327,0.06163,-0.72624,0.96138,0
8,99,187,160.00000,-7.51754,2.73616,-50,True,150.00000,159.00000,-1.00000,1618,False,2,2140100,2952,-1.35137,0.06163,-0.82143,1.07482,0
8,99,187,160.00000,-7.51754,2.73616,-50,True,150.00000,159.00000,-1.00000,1618,False,2,2140117,2969,-1.46244,0.04109,-0.90856,1.14670,0
8,99,187,160.00000,-7.51754,2.73616,-50,True,150.00000,159.00000,-1.00000,1618,False,2,2140133,2985,-1.61054,0.04109,-1.00376,1.26015,0
8,99,187,160.00000,-7.51754,2.73616,-50,True,150.00000,159.00000,-1.00000,1618,False,2,2140150,3002,-1.72161,0.02054,-1.09089,1.33203,0
8,99,187,160.00000,-7.51754,2.73616,-50,True,150.00000,159.00000,-1.00000,1618,False,2,2140167,3019,-1.83268,0.00000,-1.17802,1.40391,0
8,99,187,160.00000,-7.51754,2.73616,-50,True,150.00000,159.00000,-1.00000,1618,False,2,2140183,3035,-1.96226,0.00000,-1.26132,1.50318,0
8,99,187,160.00000,-7.51754,2.73616,-50,True,150.00000,159.00000,-1.00000,1618,False,2,2140200,3052,-2.07333,-0.02054,-1.34845,1.57506,1
8,99,187,160.00000,-7.51754,2.73616,-50,True,150.00000,159.00000,-1.00000,1618,False,2,2140217,3069,-2.18440,-0.04109,-1.43558,1.64694,0
8,99,187,160.00000,-7.51754,2.73616,-50,True,150.00000,159.00000,-1.00000,1618,False,2,2140233,3085,-2.29548,-0.04109,-1.50698,1.73203,0
8,99,187,160.00000,-7.51754,2.73616,-50,True,150.00000,159.00000,-1.00000,1618,False,2,2140250,3102,-2.42506,-0.06163,-1.60601,1.81809,0
8,99,187,160.00000,-7.51754,2.73616,-50,True,150.00000,159.00000,-1.00000,1618,False,2,2140267,3119,-2.53613,-0.10271,-1.70888,1.87677,0
8,99,187,160.00000,-7.51754,2.73616,-50,True,150.00000,159.00000,-1.00000,1618,False,2,2140283,3135,-2.68423,-0.12326,-1.81981,1.97701,0
8,99,187,160.00000,-7.51754,2.73616,-50,True,150.00000,159.00000,-1.00000,1618,False,2,2140300,3152,-2.79530,-0.14380,-1.90694,2.04889,0
8,99,187,160.00000,-7.51754,2.73616,-50,True,150.00000,159.00000,-1.00000,1618,False,2,2140317,3169,-2.92488,-0.14380,-1.99023,2.14816,0
8,99,187,160.00000,-7.51754,2.73616,-50,True,150.00000,159.00000,-1.00000,1618,False,2,2140334,3186,-3.07298,-0.16434,-2.10117,2.24840,0
8,99,187,160.00000,-7.51754,2.73616,-50,True,150.00000,159.00000,-1.00000,1618,False,2,2140350,3202,-3.18405,-0.18489,-2.18830,2.32028,0
8,99,187,160.00000,-7.51754,2.73616,-50,True,150.00000,159.00000,-1.00000,1618,False,2,2140367,3219,-3.33214,-0.20543,-2.29923,2.42052,0
8,99,187,160.00000,-7.51754,2.73616,-50,True,150.00000,159.00000,-1.00000,1618,False,2,2140384,3236,-3.44321,-0.22597,-2.38636,2.49240,0
8,99,187,160.00000,-7.51754,2.73616,-50,True,150.00000,159.00000,-1.00000,1618,False,2,2140400,3252,-3.55429,-0.24652,-2.47349,2.56428,0
8,99,187,160.00000,-7.51754,2.73616,-50,True,150.00000,159.00000,-1.00000,1618,False,2,2140417,3269,-3.66536,-0.28760,-2.57636,2.62296,0
8,99,187,160.00000,-7.51754,2.73616,-50,True,150.00000,159.00000,-1.00000,1618,False,2,2140434,3286,-3.83196,-0.32869,-2.71493,2.72418,0
8,99,187,160.00000,-7.51754,2.73616,-50,True,150.00000,159.00000,-1.00000,1618,False,2,2140450,3302,-3.96155,-0.34923,-2.81396,2.81024,0
8,99,187,160.00000,-7.51754,2.73616,-50,True,150.00000,159.00000,-1.00000,1618,False,2,2140467,3319,-4.09113,-0.39032,-2.92873,2.88310,0
8,99,187,160.00000,-7.51754,2.73616,-50,True,150.00000,159.00000,-1.00000,1618,False,2,2140483,3335,-4.27625,-0.45195,-3.09493,2.98529,0
8,99,187,160.00000,-7.51754,2.73616,-50,True,150.00000,159.00000,-1.00000,1618,False,2,2140500,3352,-4.42435,-0.51357,-3.23733,3.05913,0
8,99,187,160.00000,-7.51754,2.73616,-50,True,150.00000,159.00000,-1.00000,1618,False,2,2140517,3369,-4.68351,-0.59575,-3.46687,3.20484,0
8,99,187,160.00000,-7.51754,2.73616,-50,True,150.00000,159.00000,-1.00000,1618,False,2,2140534,3386,-4.81310,-0.65737,-3.59738,3.26449,0
8,99,187,160.00000,-7.51754,2.73616,-50,True,150.00000,159.00000,-1.00000,1618,False,2,2140550,3402,-4.92417,-0.69846,-3.70025,3.32317,0
8,99,187,160.00000,-7.51754,2.73616,-50,True,150.00000,159.00000,-1.00000,1618,False,2,2140567,3419,-5.07226,-0.76009,-3.84265,3.39700,0
8,99,187,160.00000,-7.51754,2.73616,-50,True,150.00000,159.00000,-1.00000,1618,False,2,2140584,3436,-5.27589,-0.86280,-4.05223,3.48697,0
8,99,187,160.00000,-7.51754,2.73616,-50,True,150.00000,159.00000,-1.00000,1618,False,2,2140600,3452,-5.46101,-0.96552,-4.24990,3.56275,0
8,99,187,160.00000,-7.51754,2.73616,-50,True,150.00000,159.00000,-1.00000,1618,False,2,2140617,3469,-5.60911,-1.06823,-4.42378,3.61018,0
8,99,187,160.00000,-7.51754,2.73616,-50,True,150.00000,159.00000,-1.00000,1618,False,2,2140633,3485,-5.73869,-1.15041,-4.57002,3.65663,0
8,99,187,160.00000,-7.51754,2.73616,-50,True,150.00000,159.00000,-1.00000,1618,False,2,2140650,3502,-5.84976,-1.23258,-4.70436,3.68889,0
8,99,187,160.00000,-7.51754,2.73616,-50,True,150.00000,159.00000,-1.00000,1618,False,2,2140667,3519,-5.99786,-1.33529,-4.87824,3.73632,0
8,99,187,160.00000,-7.51754,2.73616,-50,True,150.00000,159.00000,-1.00000,1618,False,2,2140684,3536,-6.10893,-1.39692,-4.99685,3.78179,0
8,99,187,160.00000,-7.51754,2.73616,-50,True,150.00000,159.00000,-1.00000,1618,False,2,2140700,3552,-6.22000,-1.49964,-5.14693,3.80085,0
8,99,187,160.00000,-7.51754,2.73616,-50,True,150.00000,159.00000,-1.00000,1618,False,2,2140717,3569,-6.31256,-1.56127,-5.25363,3.83214,0
8,99,187,160.00000,-7.51754,2.73616,-50,True,150.00000,159.00000,-1.00000,1618,False,2,2140734,3586,-6.38661,-1.62289,-5.34844,3.84925,0
8,99,187,160.00000,-7.51754,2.73616,-50,True,150.00000,159.00000,-1.00000,1618,False,2,2140750,3602,-6.47917,-1.70507,-5.47088,3.86733,0
8,99,187,160.00000,-7.51754,2.73616,-50,True,150.00000,159.00000,-1.00000,1618,False,2,2140767,3619,-6.53470,-1.76669,-5.55379,3.87026,0
8,99,187,160.00000,-7.51754,2.73616,-50,True,150.00000,159.00000,-1.00000,1618,False,2,2140784,3636,-6.59024,-1.82832,-5.63670,3.87319,0
8,99,187,160.00000,-7.51754,2.73616,-50,True,150.00000,159.00000,-1.00000,1618,False,2,2140801,3653,-6.64577,-1.88995,-5.71961,3.87612,0
8,99,187,160.00000,-7.51754,2.73616,-50,True,150.00000,159.00000,-1.00000,1618,False,2,2140817,3669,-6.71982,-1.97212,-5.83015,3.88002,0
8,99,187,160.00000,-7.51754,2.73616,-50,True,150.00000,159.00000,-1.00000,1618,False,2,2140834,3686,-6.77536,-2.03375,-5.91306,3.88295,0
8,99,187,160.00000,-7.51754,2.73616,-50,True,150.00000,159.00000,-1.00000,1618,False,2,2140851,3703,-6.84940,-2.11593,-6.02361,3.88686,0
8,99,187,160.00000,-7.51754,2.73616,-50,True,150.00000,159.00000,-1.00000,1618,False,2,2140867,3719,-6.90494,-2.17755,-6.10651,3.88979,0
8,99,187,160.00000,-7.51754,2.73616,-50,True,150.00000,159.00000,-1.00000,1618,False,2,2140884,3736,-6.96048,-2.23918,-6.18942,3.89272,0
8,99,187,160.00000,-7.51754,2.73616,-50,True,150.00000,159.00000,-1.00000,1618,False,2,2140901,3753,-7.01601,-2.32135,-6.28807,3.88244,0
8,99,187,160.00000,-7.51754,2.73616,-50,True,150.00000,159.00000,-1.00000,1618,False,2,2140917,3769,-7.07155,-2.38298,-6.37097,3.88537,0
8,99,187,160.00000,-7.51754,2.73616,-50,True,150.00000,159.00000,-1.00000,1618,False,2,2140934,3786,-7.10857,-2.46516,-6.45772,3.86091,0
8,99,187,160.00000,-7.51754,2.73616,-50,True,150.00000,159.00000,-1.00000,1618,False,2,2140951,3803,-7.14559,-2.54733,-6.54447,3.83645,0
8,99,187,160.00000,-7.51754,2.73616,-50,True,150.00000,159.00000,-1.00000,1618,False,2,2140967,3819,-7.18262,-2.62950,-6.63121,3.81200,0
8,99,187,160.00000,-7.51754,2.73616,-50,True,150.00000,159.00000,-1.00000,1618,False,2,2140984,3836,-7.20113,-2.73221,-6.72179,3.76015,0
8,99,187,160.00000,-7.51754,2.73616,-50,True,150.00000,159.00000,-1.00000,1618,False,2,2141001,3853,-7.21964,-2.85547,-6.82812,3.69511,0
8,99,187,160.00000,-7.51754,2.73616,-50,True,150.00000,159.00000,-1.00000,1618,False,2,2141017,3869,-7.23815,-2.95819,-6.91870,3.64326,0
8,99,187,160.00000,-7.51754,2.73616,-50,True,150.00000,159.00000,-1.00000,1618,False,2,2141034,3886,-7.23815,-3.06090,-6.99738,3.57724,0
8,99,187,160.00000,-7.51754,2.73616,-50,True,150.00000,159.00000,-1.00000,1618,False,2,2141051,3903,-7.25667,-3.12253,-7.05649,3.55181,0
8,99,187,160.00000,-7.51754,2.73616,-50,True,150.00000,159.00000,-1.00000,1618,False,2,2141067,3919,-7.25667,-3.18416,-7.10370,3.51219,0
8,99,187,160.00000,-7.51754,2.73616,-50,True,150.00000,159.00000,-1.00000,1618,False,2,2141084,3936,-7.27518,-3.24579,-7.16281,3.48676,0
8,99,187,160.00000,-7.51754,2.73616,-50,True,150.00000,159.00000,-1.00000,1618,False,2,2141101,3953,-7.29369,-3.28687,-7.20619,3.47453,0
8,99,187,160.00000,-7.51754,2.73616,-50,True,150.00000,159.00000,-1.00000,1618,False,2,2141117,3969,-7.29369,-3.32796,-7.23766,3.44812,0
8,99,187,160.00000,-7.51754,2.73616,-50,True,150.00000,159.00000,-1.00000,1618,False,2,2141134,3986,-7.31220,-3.36905,-7.28103,3.43589,0
8,99,187,160.00000,-7.51754,2.73616,-50,True,150.00000,159.00000,-1.00000,1618,False,2,2141151,4003,-7.33071,-3.41013,-7.32440,3.42366,0
8,99,187,160.00000,-7.51754,2.73616,-50,True,150.00000,159.00000,-1.00000,1618,False,2,2141167,4019,-7.33071,-3.45122,-7.35588,3.39725,0
8,99,187,160.00000,-7.51754,2.73616,-50,True,150.00000,159.00000,-1.00000,1618,False,2,2141184,4036,-7.34923,-3.47176,-7.38351,3.39823,0
8,99,187,160.00000,-7.51754,2.73616,-50,True,150.00000,159.00000,-1.00000,1618,False,2,2141201,4053,-7.34923,-3.51285,-7.41499,3.37182,0
8,99,187,160.00000,-7.51754,2.73616,-50,True,150.00000,159.00000,-1.00000,1618,False,2,2141217,4069,-7.36774,-3.53339,-7.44262,3.37280,0
8,99,187,160.00000,-7.51754,2.73616,-50,True,150.00000,159.00000,-1.00000,1618,False,2,2141234,4086,-7.36774,-3.59502,-7.48983,3.33318,0
8,99,187,160.00000,-7.51754,2.73616,-50,True,150.00000,159.00000,-1.00000,1618,False,2,2141251,4103,-7.36774,-3.63610,-7.52131,3.30677,0
8,99,187,160.00000,-7.51754,2.73616,-50,True,150.00000,159.00000,-1.00000,1618,False,2,2141267,4119,-7.36774,-3.67719,-7.55278,3.28036,0
8,99,187,160.00000,-7.51754,2.73616,-50,True,150.00000,159.00000,-1.00000,1618,False,2,2141284,4136,-7.36774,-3.71828,-7.58426,3.25395,0
8,99,187,160.00000,-7.51754,2.73616,-50,True,150.00000,159.00000,-1.00000,1618,False,2,2141301,4153,-7.34923,-3.77990,-7.61957,3.20016,0
8,99,187,160.00000,-7.51754,2.73616,-50,True,150.00000,159.00000,-1.00000,1618,False,2,2141318,4170,-7.34923,-3.82099,-7.65104,3.17375,0
8,99,187,160.00000,-7.51754,2.73616,-50,True,150.00000,159.00000,-1.00000,1618,False,2,2141334,4186,-7.33071,-3.86208,-7.67061,3.13316,0
8,99,187,160.00000,-7.51754,2.73616,-50,True,150.00000,159.00000,-1.00000,1618,False,2,2141351,4203,-7.31220,-3.90316,-7.69019,3.09257,0
8,99,187,160.00000,-7.51754,2.73616,-50,True,150.00000,159.00000,-1.00000,1618,False,2,2141368,4220,-7.29369,-3.94425,-7.70976,3.05198,0
8,99,187,160.00000,-7.51754,2.73616,-50,True,150.00000,159.00000,-1.00000,1618,False,2,2141384,4236,-7.25667,-3.98533,-7.71744,2.99721,0
8,99,187,160.00000,-7.51754,2.73616,-50,True,150.00000,159.00000,-1.00000,1618,False,2,2141401,4253,-7.23815,-4.00588,-7.72128,2.96982,0
8,99,187,160.00000,-7.51754,2.73616,-50,True,150.00000,159.00000,-1.00000,1618,False,2,2141418,4270,-7.20113,-4.02642,-7.71321,2.92825,0
8,99,187,160.00000,-7.51754,2.73616,-50,True,150.00000,159.00000,-1.00000,1618,False,2,2141434,4286,-7.18262,-4.02642,-7.70132,2.91407,0
8,99,187,160.00000,-7.51754,2.73616,-50,True,150.00000,159.00000,-1.00000,1618,False,2,2141451,4303,-7.14559,-4.04696,-7.69325,2.87250,0
8,99,187,160.00000,-7.51754,2.73616,-50,True,150.00000,159.00000,-1.00000,1618,False,3,2141468,4320,-7.09006,-4.06751,-7.67329,2.81676,0
8,99,187,160.00000,-7.51754,2.73616,-50,True,150.00000,159.00000,-1.00000,1618,False,3,2141484,4336,-7.07155,-4.06751,-7.66139,2.80258,0
8,99,187,160.00000,-7.51754,2.73616,-50,True,150.00000,159.00000,-1.00000,1618,False,3,2141501,4353,-7.03452,-4.08805,-7.65333,2.76101,0
8,99,187,160.00000,-7.51754,2.73616,-50,True,150.00000,159.00000,-1.00000,1618,False,3,2141518,4370,-6.99750,-4.08805,-7.62953,2.73265,0
8,99,187,160.00000,-7.51754,2.73616,-50,True,150.00000,159.00000,-1.00000,1618,False,3,2141534,4386,-6.96048,-4.10859,-7.62147,2.69108,0
8,99,187,160.00000,-7.51754,2.73616,-50,True,150.00000,159.00000,-1.00000,1618,False,3,2141551,4403,-6.94196,-4.10859,-7.60957,2.67690,0
8,99,187,160.00000,-7.51754,2.73616,-50,True,150.00000,159.00000,-1.00000,1618,False,3,2141568,4420,-6.90494,-4.12914,-7.60151,2.63533,0
8,99,187,160.00000,-7.51754,2.73616,-50,True,150.00000,159.00000,-1.00000,1618,False,3,2141584,4436,-6.88643,-4.12914,-7.58961,2.62115,0
8,99,187,160.00000,-7.51754,2.73616,-50,True,150.00000,159.00000,-1.00000,1618,False,3,2141601,4453,-6.88643,-4.12914,-7.58961,2.62115,0
8,99,187,160.00000,-7.51754,2.73616,-50,True,150.00000,159.00000,-1.00000,1618,False,3,2141618,4470,-6.86792,-4.12914,-7.57771,2.60697,0
8,99,187,160.00000,-7.51754,2.73616,-50,True,150.00000,159.00000,-1.00000,1618,False,3,2141634,4486,-6.86792,-4.12914,-7.57771,2.60697,0
8,99,187,160.00000,-7.51754,2.73616,-50,True,150.00000,159.00000,-1.00000,1618,False,3,2141651,4503,-6.86792,-4.12914,-7.57771,2.60697,0
8,99,187,160.00000,-7.51754,2.73616,-50,True,150.00000,159.00000,-1.00000,1618,False,3,2141668,4520,-6.86792,-4.12914,-7.57771,2.60697,0
8,99,187,160.00000,-7.51754,2.73616,-50,True,150.00000,159.00000,-1.00000,1618,False,3,2141685,4537,-6.84940,-4.14968,-7.58155,2.57959,0
8,99,187,160.00000,-7.51754,2.73616,-50,True,150.00000,159.00000,-1.00000,1618,False,3,2141701,4553,-6.84940,-4.14968,-7.58155,2.57959,0
8,99,187,160.00000,-7.51754,2.73616,-50,True,150.00000,159.00000,-1.00000,1618,False,3,2141718,4570,-6.84940,-4.14968,-7.58155,2.57959,0
8,99,187,160.00000,-7.51754,2.73616,-50,True,150.00000,159.00000,-1.00000,1618,False,3,2141735,4587,-6.84940,-4.14968,-7.58155,2.57959,0
8,99,187,160.00000,-7.51754,2.73616,-50,True,150.00000,159.00000,-1.00000,1618,False,3,2141751,4603,-6.84940,-4.14968,-7.58155,2.57959,0
8,99,187,160.00000,-7.51754,2.73616,-50,True,150.00000,159.00000,-1.00000,1618,False,3,2141768,4620,-6.84940,-4.14968,-7.58155,2.57959,0
8,99,187,160.00000,-7.51754,2.73616,-50,True,150.00000,159.00000,-1.00000,1618,False,3,2141785,4637,-6.84940,-4.14968,-7.58155,2.57959,0
8,99,187,160.00000,-7.51754,2.73616,-50,True,150.00000,159.00000,-1.00000,1618,False,3,2141801,4653,-6.84940,-4.14968,-7.58155,2.57959,0
8,99,187,160.00000,-7.51754,2.73616,-50,True,150.00000,159.00000,-1.00000,1618,False,3,2141818,4670,-6.84940,-4.14968,-7.58155,2.57959,0
8,99,187,160.00000,-7.51754,2.73616,-50,True,150.00000,159.00000,-1.00000,1618,False,3,2141835,4687,-6.84940,-4.14968,-7.58155,2.57959,0
8,99,187,160.00000,-7.51754,2.73616,-50,True,150.00000,159.00000,-1.00000,1618,False,3,2141851,4703,-6.84940,-4.14968,-7.58155,2.57959,0
8,99,187,160.00000,-7.51754,2.73616,-50,True,150.00000,159.00000,-1.00000,1618,False,3,2141868,4720,-6.84940,-4.14968,-7.58155,2.57959,0
8,99,187,160.00000,-7.51754,2.73616,-50,True,150.00000,159.00000,-1.00000,1618,False,3,2141885,4737,-6.84940,-4.14968,-7.58155,2.57959,0
8,99,187,160.00000,-7.51754,2.73616,-50,True,150.00000,159.00000,-1.00000,1618,False,3,2141901,4753,-6.84940,-4.12914,-7.56581,2.59279,0
8,99,187,160.00000,-7.51754,2.73616,-50,True,150.00000,159.00000,-1.00000,1618,False,3,2141918,4770,-6.84940,-4.10859,-7.55008,2.60600,0
8,99,187,160.00000,-7.51754,2.73616,-50,True,150.00000,159.00000,-1.00000,1618,False,3,2141935,4787,-6.84940,-4.10859,-7.55008,2.60600,0
8,99,187,160.00000,-7.51754,2.73616,-50,True,150.00000,159.00000,-1.00000,1618,False,3,2141951,4803,-6.84940,-4.08805,-7.53434,2.61920,0
8,99,187,160.00000,-7.51754,2.73616,-50,True,150.00000,159.00000,-1.00000,1618,False,3,2141968,4820,-6.84940,-4.06751,-7.51860,2.63241,0
8,99,187,160.00000,-7.51754,2.73616,-50,True,150.00000,159.00000,-1.00000,1618,False,3,2141985,4837,-6.84940,-4.06751,-7.51860,2.63241,0
8,99,187,160.00000,-7.51754,2.73616,-50,True,150.00000,159.00000,-1.00000,1618,False,3,2142001,4853,-6.84940,-4.06751,-7.51860,2.63241,0
8,99,187,160.00000,-7.51754,2.73616,-50,True,150.00000,159.00000,-1.00000,1618,False,3,2142018,4870,-6.83089,-4.06751,-7.50670,2.61823,0
8,99,187,160.00000,-7.51754,2.73616,-50,True,150.00000,159.00000,-1.00000,1618,False,3,2142035,4887,-6.83089,-4.06751,-7.50670,2.61823,0
8,99,187,160.00000,-7.51754,2.73616,-50,True,150.00000,159.00000,-1.00000,1618,False,3,2142051,4903,-6.83089,-4.04696,-7.49097,2.63143,0
8,99,187,160.00000,-7.51754,2.73616,-50,True,150.00000,159.00000,-1.00000,1618,False,3,2142068,4920,-6.83089,-4.04696,-7.49097,2.63143,0
8,99,187,160.00000,-7.51754,2.73616,-50,True,150.00000,159.00000,-1.00000,1618,False,3,2142085,4937,-6.83089,-4.04696,-7.49097,2.63143,0
8,99,187,160.00000,-7.51754,2.73616,-50,True,150.00000,159.00000,-1.00000,1618,False,3,2142101,4953,-6.83089,-4.04696,-7.49097,2.63143,0
8,99,187,160.00000,-7.51754,2.73616,-50,True,150.00000,159.00000,-1.00000,1618,False,3,2142118,4970,-6.81238,-4.04696,-7.47907,2.61725,0
8,99,187,160.00000,-7.51754,2.73616,-50,True,150.00000,159.00000,-1.00000,1618,False,3,2142135,4987,-6.81238,-4.02642,-7.46333,2.63045,0
8,99,187,160.00000,-7.51754,2.73616,-50,True,150.00000,159.00000,-1.00000,1618,False,3,2142151,5003,-6.79387,-4.02642,-7.45143,2.61627,0
8,99,187,160.00000,-7.51754,2.73616,-50,True,150.00000,159.00000,-1.00000,1618,False,3,2142168,5020,-6.77536,-4.00588,-7.42380,2.61530,0
8,99,187,160.00000,-7.51754,2.73616,-50,True,150.00000,159.00000,-1.00000,1618,False,3,2142185,5037,-6.75685,-4.00588,-7.41190,2.60112,0
8,99,187,160.00000,-7.51754,2.73616,-50,True,150.00000,159.00000,-1.00000,1618,False,3,2142201,5053,-6.75685,-3.98533,-7.39616,2.61432,0
8,99,187,160.00000,-7.51754,2.73616,-50,True,150.00000,159.00000,-1.00000,1618,False,3,2142218,5070,-6.73833,-3.98533,-7.38426,2.60014,0
8,99,187,160.00000,-7.51754,2.73616,-50,True,150.00000,159.00000,-1.00000,1618,False,3,2142235,5087,-6.71982,-3.98533,-7.37236,2.58596,0
8,99,187,160.00000,-7.51754,2.73616,-50,True,150.00000,159.00000,-1.00000,1618,False,3,2142252,5104,-6.70131,-3.96479,-7.34473,2.58498,0
8,99,187,160.00000,-7.51754,2.73616,-50,True,150.00000,159.00000,-1.00000,1618,False,3,2142268,5120,-6.68280,-3.96479,-7.33283,2.57080,0
8,99,187,160.00000,-7.51754,2.73616,-50,True,150.00000,159.00000,-1.00000,1618,False,3,2142285,5137,-6.64577,-3.94425,-7.29329,2.55564,0
8,99,187,160.00000,-7.51754,2.73616,-50,True,150.00000,159.00000,-1.00000,1618,False,3,2142302,5154,-6.60875,-3.92371,-7.25376,2.54049,0
8,99,187,160.00000,-7.51754,2.73616,-50,True,150.00000,159.00000,-1.00000,1618,False,3,2142318,5170,-6.57173,-3.90316,-7.21422,2.52533,0
8,99,187,160.00000,-7.51754,2.73616,-50,True,150.00000,159.00000,-1.00000,1618,False,3,2142335,5187,-6.51619,-3.88262,-7.16279,2.49599,0
8,99,187,160.00000,-7.51754,2.73616,-50,True,150.00000,159.00000,-1.00000,1618,False,3,2142352,5204,-6.44214,-3.84153,-7.08372,2.46568,0
8,99,187,160.00000,-7.51754,2.73616,-50,True,150.00000,159.00000,-1.00000,1618,False,3,2142368,5220,-6.34958,-3.82099,-7.00848,2.40798,0
8,99,187,160.00000,-7.51754,2.73616,-50,True,150.00000,159.00000,-1.00000,1618,False,3,2142385,5237,-6.27554,-3.80045,-6.94515,2.36446,0
8,99,187,160.00000,-7.51754,2.73616,-50,True,150.00000,159.00000,-1.00000,1618,False,3,2142402,5254,-6.20149,-3.75936,-6.86608,2.33414,0
8,99,187,160.00000,-7.51754,2.73616,-50,True,150.00000,159.00000,-1.00000,1618,False,3,2142418,5270,-6.10893,-3.73882,-6.79085,2.27644,0
8,99,187,160.00000,-7.51754,2.73616,-50,True,150.00000,159.00000,-1.00000,1618,False,3,2142435,5287,-5.92381,-3.65665,-6.60891,2.18745,0
8,99,187,160.00000,-7.51754,2.73616,-50,True,150.00000,159.00000,-1.00000,1618,False,3,2142452,5304,-5.86827,-3.63610,-6.55747,2.15812,0
8,99,187,160.00000,-7.51754,2.73616,-50,True,150.00000,159.00000,-1.00000,1618,False,3,2142469,5321,-5.73869,-3.59502,-6.44270,2.08526,0
8,99,187,160.00000,-7.51754,2.73616,-50,True,150.00000,159.00000,-1.00000,1618,False,3,2142485,5337,-5.62762,-3.57448,-6.35557,2.01338,0
8,99,187,160.00000,-7.51754,2.73616,-50,True,150.00000,159.00000,-1.00000,1618,False,3,2142502,5354,-5.53506,-3.55393,-6.28034,1.95568,0
8,99,187,160.00000,-7.51754,2.73616,-50,True,150.00000,159.00000,-1.00000,1618,False,3,2142518,5370,-5.40548,-3.51285,-6.16557,1.88282,0
8,99,187,160.00000,-7.51754,2.73616,-50,True,150.00000,159.00000,-1.00000,1618,False,3,2142535,5387,-5.31292,-3.49230,-6.09034,1.82512,0
8,99,187,160.00000,-7.51754,2.73616,-50,True,150.00000,159.00000,-1.00000,1618,False,3,2142552,5404,-5.22036,-3.49230,-6.03084,1.75422,0
8,99,187,160.00000,-7.51754,2.73616,-50,True,150.00000,159.00000,-1.00000,1618,False,3,2142568,5420,-5.12780,-3.47176,-5.95561,1.69652,0
8,99,187,160.00000,-7.51754,2.73616,-50,True,150.00000,159.00000,-1.00000,1618,False,3,2142585,5437,-5.01673,-3.47176,-5.88421,1.61143,0
8,99,187,160.00000,-7.51754,2.73616,-50,True,150.00000,159.00000,-1.00000,1618,False,3,2142602,5454,-4.88714,-3.45122,-5.78518,1.52537,0
8,99,187,160.00000,-7.51754,2.73616,-50,True,150.00000,159.00000,-1.00000,1618,False,3,2142618,5470,-4.81310,-3.45122,-5.73758,1.46864,0
8,99,187,160.00000,-7.51754,2.73616,-50,True,150.00000,159.00000,-1.00000,1618,False,3,2142635,5487,-4.72054,-3.43067,-5.66235,1.41094,0
8,99,187,160.00000,-7.51754,2.73616,-50,True,150.00000,159.00000,-1.00000,1618,False,3,2142652,5504,-4.64649,-3.43067,-5.61475,1.35422,0
8,99,187,160.00000,-7.51754,2.73616,-50,True,150.00000,159.00000,-1.00000,1618,False,3,2142668,5520,-4.51690,-3.43067,-5.53146,1.25495,0
8,99,187,160.00000,-7.51754,2.73616,-50,True,150.00000,159.00000,-1.00000,1618,False,3,2142685,5537,-4.42435,-3.41013,-5.45623,1.19725,0
8,99,187,160.00000,-7.51754,2.73616,-50,True,150.00000,159.00000,-1.00000,1618,False,3,2142702,5554,-4.31327,-3.41013,-5.38483,1.11217,0
8,99,187,160.00000,-7.51754,2.73616,-50,True,150.00000,159.00000,-1.00000,1618,False,3,2142719,5571,-4.22071,-3.38959,-5.30960,1.05447,0
8,99,187,160.00000,-7.51754,2.73616,-50,True,150.00000,159.00000,-1.00000,1618,False,3,2142735,5587,-4.12815,-3.38959,-5.25010,0.98356,0
8,99,187,160.00000,-7.51754,2.73616,-50,True,150.00000,159.00000,-1.00000,1618,False,3,2142752,5604,-3.99857,-3.36905,-5.15107,0.89750,0
8,99,187,160.00000,-7.51754,2.73616,-50,True,150.00000,159.00000,-1.00000,1618,False,3,2142769,5621,-3.90601,-3.36905,-5.09157,0.82660,0
8,99,187,160.00000,-7.51754,2.73616,-50,True,150.00000,159.00000,-1.00000,1618,False,3,2142785,5637,-3.81345,-3.34850,-5.01634,0.76890,0
8,99,187,160.00000,-7.51754,2.73616,-50,True,150.00000,159.00000,-1.00000,1618,False,3,2142802,5654,-3.68387,-3.32796,-4.91731,0.68284,0
8,99,187,160.00000,-7.51754,2.73616,-50,True,150.00000,159.00000,-1.00000,1618,False,3,2142819,5671,-3.59131,-3.32796,-4.85781,0.61193,0
8,99,187,160.00000,-7.51754,2.73616,-50,True,150.00000,159.00000,-1.00000,1618,False,3,2142835,5687,-3.49875,-3.32796,-4.79832,0.54103,0
8,99,187,160.00000,-7.51754,2.73616,-50,True,150.00000,159.00000,-1.00000,1618,False,3,2142852,5704,-3.38768,-3.30742,-4.71119,0.46915,0
8,99,187,160.00000,-7.51754,2.73616,-50,True,150.00000,159.00000,-1.00000,1618,False,3,2142869,5721,-3.29512,-3.30742,-4.65169,0.39824,0
8,99,187,160.00000,-7.51754,2.73616,-50,True,150.00000,159.00000,-1.00000,1618,False,3,2142886,5738,-3.20256,-3.28687,-4.57646,0.34054,0
8,99,187,160.00000,-7.51754,2.73616,-50,True,150.00000,159.00000,-1.00000,1618,False,3,2142902,5754,-3.07298,-3.28687,-4.49316,0.24127,0
8,99,187,160.00000,-7.51754,2.73616,-50,True,150.00000,159.00000,-1.00000,1618,False,3,2142919,5771,-2.98042,-3.26633,-4.41793,0.18357,0
8,99,187,160.00000,-7.51754,2.73616,-50,True,150.00000,159.00000,-1.00000,1618,False,3,2142935,5787,-2.83232,-3.24579,-4.30700,0.08333,0
8,99,187,160.00000,-7.51754,2.73616,-50,True,150.00000,159.00000,-1.00000,1618,False,3,2142952,5804,-2.72125,-3.22525,-4.21987,0.01145,0
8,99,187,160.00000,-7.51754,2.73616,-50,True,150.00000,159.00000,-1.00000,1618,False,3,2142969,5821,-2.62869,-3.20470,-4.14463,-0.04625,0
8,99,187,160.00000,-7.51754,2.73616,-50,True,150.00000,159.00000,-1.00000,1618,False,3,2142985,5837,-2.51762,-3.18416,-4.05750,-0.11813,0
8,99,187,160.00000,-7.51754,2.73616,-50,True,150.00000,159.00000,-1.00000,1618,False,3,2143002,5854,-2.36952,-3.16362,-3.94657,-0.21837,0
8,99,187,160.00000,-7.51754,2.73616,-50,True,150.00000,159.00000,-1.00000,1618,False,3,2143019,5871,-2.25845,-3.14307,-3.85944,-0.29025,0
8,99,187,160.00000,-7.51754,2.73616,-50,True,150.00000,159.00000,-1.00000,1618,False,3,2143036,5888,-2.11036,-3.12253,-3.74851,-0.39050,0
8,99,187,160.00000,-7.51754,2.73616,-50,True,150.00000,159.00000,-1.00000,1618,False,3,2143052,5904,-1.99929,-3.10199,-3.66138,-0.46238,0
8,99,187,160.00000,-7.51754,2.73616,-50,True,150.00000,159.00000,-1.00000,1618,False,3,2143069,5921,-1.88821,-3.08144,-3.57424,-0.53426,0
8,99,187,160.00000,-7.51754,2.73616,-50,True,150.00000,159.00000,-1.00000,1618,False,3,2143086,5938,-1.75863,-3.04036,-3.45948,-0.60712,0
8,99,187,160.00000,-7.51754,2.73616,-50,True,150.00000,159.00000,-1.00000,1618,False,3,2143102,5954,-1.64756,-3.01982,-3.37234,-0.67900,0
8,99,187,160.00000,-7.51754,2.73616,-50,True,150.00000,159.00000,-1.00000,1618,False,3,2143119,5971,-1.55500,-2.99927,-3.29711,-0.73670,0
8,99,187,160.00000,-7.51754,2.73616,-50,True,150.00000,159.00000,-1.00000,1618,False,3,2143135,5987,-1.44393,-2.97873,-3.20998,-0.80858,0
8,99,187,160.00000,-7.51754,2.73616,-50,True,150.00000,159.00000,-1.00000,1618,False,3,2143152,6004,-1.31435,-2.93764,-3.09521,-0.88143,0
8,99,187,160.00000,-7.51754,2.73616,-50,True,150.00000,159.00000,-1.00000,1618,False,3,2143169,6021,-1.22179,-2.89656,-3.00424,-0.92593,0
8,99,187,160.00000,-7.51754,2.73616,-50,True,150.00000,159.00000,-1.00000,1618,False,3,2143186,6038,-1.09220,-2.85547,-2.88947,-0.99879,0
8,99,187,160.00000,-7.51754,2.73616,-50,True,150.00000,159.00000,-1.00000,1618,False,3,2143202,6054,-0.98113,-2.81439,-2.78660,-1.05746,0
8,99,187,160.00000,-7.51754,2.73616,-50,True,150.00000,159.00000,-1.00000,1618,False,3,2143219,6071,-0.88857,-2.77330,-2.69563,-1.10196,0
8,99,187,160.00000,-7.51754,2.73616,-50,True,150.00000,159.00000,-1.00000,1618,False,3,2143236,6088,-0.75899,-2.73221,-2.58087,-1.17481,0
8,99,187,160.00000,-7.51754,2.73616,-50,True,150.00000,159.00000,-1.00000,1618,False,3,2143252,6104,-0.66643,-2.67059,-2.47416,-1.20611,0
8,99,187,160.00000,-7.51754,2.73616,-50,True,150.00000,159.00000,-1.00000,1618,False,3,2143269,6121,-0.53685,-2.60896,-2.34365,-1.26576,0
8,99,187,160.00000,-7.51754,2.73616,-50,True,150.00000,159.00000,-1.00000,1618,False,3,2143286,6138,-0.42577,-2.54733,-2.22505,-1.31123,0
8,99,187,160.00000,-7.51754,2.73616,-50,True,150.00000,159.00000,-1.00000,1618,False,3,2143302,6154,-0.33321,-2.48570,-2.11834,-1.34252,0
8,99,187,160.00000,-7.51754,2.73616,-50,True,150.00000,159.00000,-1.00000,1618,False,3,2143319,6171,-0.20363,-2.40353,-1.97210,-1.38897,0
8,99,187,160.00000,-7.51754,2.73616,-50,True,150.00000,159.00000,-1.00000,1618,False,3,2143336,6188,-0.11107,-2.32135,-1.84966,-1.40705,0
8,99,187,160.00000,-7.51754,2.73616,-50,True,150.00000,159.00000,-1.00000,1618,False,3,2143352,6204,0.01851,-2.21864,-1.68768,-1.44030,0
8,99,187,160.00000,-7.51754,2.73616,-50,True,150.00000,159.00000,-1.00000,1618,False,3,2143369,6221,0.09256,-2.13647,-1.57713,-1.44420,0
8,99,187,160.00000,-7.51754,2.73616,-50,True,150.00000,159.00000,-1.00000,1618,False,3,2143386,6238,0.18512,-2.05430,-1.45469,-1.46229,0
8,99,187,160.00000,-7.51754,2.73616,-50,True,150.00000,159.00000,-1.00000,1618,False,3,2143402,6254,0.25917,-1.99267,-1.35988,-1.47940,0
8,99,187,160.00000,-7.51754,2.73616,-50,True,150.00000,159.00000,-1.00000,1618,False,3,2143419,6271,0.33321,-1.88995,-1.23360,-1.47009,0
8,99,187,160.00000,-7.51754,2.73616,-50,True,150.00000,159.00000,-1.00000,1618,False,3,2143436,6288,0.38875,-1.82832,-1.15069,-1.47302,0
8,99,187,160.00000,-7.51754,2.73616,-50,True,150.00000,159.00000,-1.00000,1618,False,3,2143453,6305,0.44429,-1.76669,-1.06779,-1.47595,0
8,99,187,160.00000,-7.51754,2.73616,-50,True,150.00000,159.00000,-1.00000,1618,False,3,2143469,6321,0.48131,-1.68452,-0.98104,-1.45149,0
8,99,187,160.00000,-7.51754,2.73616,-50,True,150.00000,159.00000,-1.00000,1618,False,3,2143486,6338,0.51833,-1.62289,-0.91003,-1.44024,0
8,99,187,160.00000,-7.51754,2.73616,-50,True,150.00000,159.00000,-1.00000,1618,False,3,2143502,6354,0.55536,-1.54072,-0.82328,-1.41579,0
8,99,187,160.00000,-7.51754,2.73616,-50,True,150.00000,159.00000,-1.00000,1618,False,3,2143519,6371,0.57387,-1.45855,-0.74844,-1.37715,0
8,99,187,160.00000,-7.51754,2.73616,-50,True,150.00000,159.00000,-1.00000,1618,False,3,2143536,6388,0.59238,-1.39692,-0.68933,-1.35171,0
8,99,187,160.00000,-7.51754,2.73616,-50,True,150.00000,159.00000,-1.00000,1618,False,3,2143552,6404,0.61089,-1.33529,-0.63022,-1.32628,0
8,99,187,160.00000,-7.51754,2.73616,-50,True,150.00000,159.00000,-1.00000,1618,False,3,2143569,6421,0.64792,-1.27366,-0.55921,-1.31503,0
8,99,187,160.00000,-7.51754,2.73616,-50,True,150.00000,159.00000,-1.00000,1618,False,3,2143586,6438,0.68494,-1.21203,-0.48820,-1.30378,0
8,99,187,160.00000,-7.51754,2.73616,-50,True,150.00000,159.00000,-1.00000,1618,False,3,2143603,6455,0.70345,-1.15041,-0.42909,-1.27834,0
8,99,187,160.00000,-7.51754,2.73616,-50,True,150.00000,159.00000,-1.00000,1618,False,3,2143619,6471,0.72196,-1.10932,-0.38572,-1.26611,0
8,99,187,160.00000,-7.51754,2.73616,-50,True,150.00000,159.00000,-1.00000,1618,False,3,2143636,6488,0.74048,-1.06823,-0.34235,-1.25389,0
8,99,187,160.00000,-7.51754,2.73616,-50,True,150.00000,159.00000,-1.00000,1618,False,3,2143652,6504,0.77750,-1.00661,-0.27134,-1.24263,0
8,99,187,160.00000,-7.51754,2.73616,-50,True,150.00000,159.00000,-1.00000,1618,False,3,2143669,6521,0.79601,-0.96552,-0.22796,-1.23040,0
8,99,187,160.00000,-7.51754,2.73616,-50,True,150.00000,159.00000,-1.00000,1618,False,3,2143686,6538,0.81452,-0.94498,-0.20033,-1.23138,0
8,99,187,160.00000,-7.51754,2.73616,-50,True,150.00000,159.00000,-1.00000,1618,False,3,2143703,6555,0.83304,-0.90389,-0.15696,-1.21915,0
8,99,187,160.00000,-7.51754,2.73616,-50,True,150.00000,159.00000,-1.00000,1618,False,3,2143719,6571,0.85155,-0.86280,-0.11358,-1.20692,0
8,99,187,160.00000,-7.51754,2.73616,-50,True,150.00000,159.00000,-1.00000,1618,False,3,2143736,6588,0.87006,-0.82172,-0.07021,-1.19469,0
8,99,187,160.00000,-7.51754,2.73616,-50,True,150.00000,159.00000,-1.00000,1618,False,3,2143753,6605,0.88857,-0.80118,-0.04257,-1.19567,0
8,99,187,160.00000,-7.51754,2.73616,-50,True,150.00000,159.00000,-1.00000,1618,False,3,2143770,6622,0.90708,-0.76009,0.00080,-1.18344,0
8,99,187,160.00000,-7.51754,2.73616,-50,True,150.00000,159.00000,-1.00000,1618,False,3,2143786,6638,0.92560,-0.73955,0.02844,-1.18442,0
8,99,187,160.00000,-7.51754,2.73616,-50,True,150.00000,159.00000,-1.00000,1618,False,3,2143803,6655,0.92560,-0.69846,0.05991,-1.15801,0
8,99,187,160.00000,-7.51754,2.73616,-50,True,150.00000,159.00000,-1.00000,1618,False,3,2143820,6672,0.94411,-0.65737,0.10328,-1.14578,0
8,99,187,160.00000,-7.51754,2.73616,-50,True,150.00000,159.00000,-1.00000,1618,False,3,2143836,6688,0.96262,-0.63683,0.13092,-1.14676,0
8,99,187,160.00000,-7.51754,2.73616,-50,True,150.00000,159.00000,-1.00000,1618,False,3,2143853,6705,0.96262,-0.57520,0.17813,-1.10714,0
8,99,187,160.00000,-7.51754,2.73616,-50,True,150.00000,159.00000,-1.00000,1618,False,3,2143870,6722,0.96262,-0.55466,0.19387,-1.09394,0
8,99,187,160.00000,-7.51754,2.73616,-50,True,150.00000,159.00000,-1.00000,1618,False,3,2143886,6738,0.98113,-0.51357,0.23724,-1.08171,0
8,99,187,160.00000,-7.51754,2.73616,-50,True,150.00000,159.00000,-1.00000,1618,False,3,2143903,6755,0.98113,-0.47249,0.26871,-1.05530,0
8,99,187,160.00000,-7.51754,2.73616,-50,True,150.00000,159.00000,-1.00000,1618,False,3,2143920,6772,0.98113,-0.41086,0.31592,-1.01569,0
8,99,187,160.00000,-7.51754,2.73616,-50,True,150.00000,159.00000,-1.00000,1618,False,3,2143936,6788,0.98113,-0.34923,0.36313,-0.97607,0
8,99,187,160.00000,-7.51754,2.73616,-50,True,150.00000,159.00000,-1.00000,1618,False,3,2143953,6805,0.96262,-0.30814,0.38271,-0.93548,0
8,99,187,160.00000,-7.51754,2.73616,-50,True,150.00000,159.00000,-1.00000,1618,False,3,2143969,6821,0.96262,-0.26706,0.41418,-0.90907,0
8,99,187,160.00000,-7.51754,2.73616,-50,True,150.00000,159.00000,-1.00000,1618,False,3,2143986,6838,0.96262,-0.24652,0.42992,-0.89587,0
8,99,187,160.00000,-7.51754,2.73616,-50,True,150.00000,159.00000,-1.00000,1618,False,3,2144003,6855,0.94411,-0.20543,0.44949,-0.85528,0
8,99,187,160.00000,-7.51754,2.73616,-50,True,150.00000,159.00000,-1.00000,1618,False,3,2144020,6872,0.94411,-0.20543,0.44949,-0.85528,0
8,99,187,160.00000,-7.51754,2.73616,-50,True,150.00000,159.00000,-1.00000,1618,False,3,2144036,6888,0.92560,-0.18489,0.45333,-0.82789,0
8,99,187,160.00000,-7.51754,2.73616,-50,True,150.00000,159.00000,-1.00000,1618,False,3,2144053,6905,0.90708,-0.16434,0.45717,-0.80050,0
8,99,187,160.00000,-7.51754,2.73616,-50,True,150.00000,159.00000,-1.00000,1618,False,3,2144070,6922,0.88857,-0.16434,0.44527,-0.78632,0
8,99,187,160.00000,-7.51754,2.73616,-50,True,150.00000,159.00000,-1.00000,1618,False,3,2144086,6938,0.85155,-0.14380,0.43721,-0.74476,0
8,99,187,160.00000,-7.51754,2.73616,-50,True,150.00000,159.00000,-1.00000,1618,False,3,2144103,6955,0.81452,-0.14380,0.41341,-0.71639,0
8,99,187,160.00000,-7.51754,2.73616,-50,True,150.00000,159.00000,-1.00000,1618,False,3,2144120,6972,0.77750,-0.14380,0.38961,-0.68803,0
8,99,187,160.00000,-7.51754,2.73616,-50,True,150.00000,159.00000,-1.00000,1618,False,3,2144136,6988,0.72196,-0.14380,0.35391,-0.64549,0
8,99,187,160.00000,-7.51754,2.73616,-50,True,150.00000,159.00000,-1.00000,1618,False,3,2144153,7005,0.66643,-0.14380,0.31821,-0.60295,0
8,99,187,160.00000,-7.51754,2.73616,-50,True,150.00000,159.00000,-1.00000,1618,False,3,2144170,7022,0.61089,-0.16434,0.26678,-0.57361,0
8,99,187,160.00000,-7.51754,2.73616,-50,True,150.00000,159.00000,-1.00000,1618,False,3,2144186,7038,0.53685,-0.18489,0.20345,-0.53009,0
8,99,187,160.00000,-7.51754,2.73616,-50,True,150.00000,159.00000,-1.00000,1618,False,3,2144203,7055,0.48131,-0.18489,0.16775,-0.48755,0
8,99,187,160.00000,-7.51754,2.73616,-50,True,150.00000,159.00000,-1.00000,1618,False,3,2144220,7072,0.44429,-0.20543,0.12821,-0.47239,0
8,99,187,160.00000,-7.51754,2.73616,-50,True,150.00000,159.00000,-1.00000,1618,False,3,2144236,7088,0.38875,-0.22597,0.07678,-0.44305,0
8,99,187,160.00000,-7.51754,2.73616,-50,True,150.00000,159.00000,-1.00000,1618,False,3,2144253,7105,0.35173,-0.22597,0.05298,-0.41469,0
8,99,187,160.00000,-7.51754,2.73616,-50,True,150.00000,159.00000,-1.00000,1618,False,3,2144270,7122,0.31470,-0.24652,0.01344,-0.39953,0
8,99,187,160.00000,-7.51754,2.73616,-50,True,150.00000,159.00000,-1.00000,1618,False,3,2144287,7139,0.31470,-0.24652,0.01344,-0.39953,0
8,99,187,160.00000,-7.51754,2.73616,-50,True,150.00000,159.00000,-1.00000,1618,False,3,2144303,7155,0.29619,-0.24652,0.00155,-0.38535,0
8,99,187,160.00000,-7.51754,2.73616,-50,True,150.00000,159.00000,-1.00000,1618,False,3,2144320,7172,0.29619,-0.24652,0.00155,-0.38535,0
8,99,187,160.00000,-7.51754,2.73616,-50,True,150.00000,159.00000,-1.00000,1618,False,3,2144337,7189,0.27768,-0.24652,-0.01035,-0.37117,0
8,99,187,160.00000,-7.51754,2.73616,-50,True,150.00000,159.00000,-1.00000,1618,False,3,2144353,7205,0.27768,-0.24652,-0.01035,-0.37117,0
8,99,187,160.00000,-7.51754,2.73616,-50,True,150.00000,159.00000,-1.00000,1618,False,3,2144370,7222,0.25917,-0.24652,-0.02225,-0.35699,0
8,99,187,160.00000,-7.51754,2.73616,-50,True,150.00000,159.00000,-1.00000,1618,False,3,2144387,7239,0.24065,-0.22597,-0.01842,-0.32960,0
8,99,187,160.00000,-7.51754,2.73616,-50,True,150.00000,159.00000,-1.00000,1618,False,3,2144403,7255,0.24065,-0.22597,-0.01842,-0.32960,0
8,99,187,160.00000,-7.51754,2.73616,-50,True,150.00000,159.00000,-1.00000,1618,False,3,2144420,7272,0.22214,-0.20543,-0.01458,-0.30222,0
8,99,187,160.00000,-7.51754,2.73616,-50,True,150.00000,159.00000,-1.00000,1618,False,3,2144437,7289,0.20363,-0.20543,-0.02648,-0.28804,0
8,99,187,160.00000,-7.51754,2.73616,-50,True,150.00000,159.00000,-1.00000,1618,False,3,2144453,7305,0.18512,-0.18489,-0.02264,-0.26065,0
8,99,187,160.00000,-7.51754,2.73616,-50,True,150.00000,159.00000,-1.00000,1618,False,3,2144470,7322,0.16661,-0.16434,-0.01880,-0.23327,0
