task_idx,trial_idx,cutrial_no,targetangle_deg,targetx_cm,targety_cm,rotation_deg,doaiming_bool,aimstart_deg,aim_deg,aimdeviation_deg,aimtime_ms,zeroclamped_bool,phase,cutime_ms,time_ms,mousex_cm,mousey_cm,cursorx_cm,cursory_cm,deviation_bool
2,1,1,80.00000,1.38919,7.87846,0,True,70.00000,79.50000,-0.50000,9056,False,0,44700,0,-15.55000,-10.78506,-15.55000,-10.78506,0
2,1,1,80.00000,1.38919,7.87846,0,True,70.00000,79.50000,-0.50000,9056,False,0,44716,16,-15.55000,-10.78506,-15.55000,-10.78506,0
2,1,1,80.00000,1.38919,7.87846,0,True,70.00000,79.50000,-0.50000,9056,False,0,44733,33,-15.55000,-10.78506,-15.55000,-10.78506,0
2,1,1,80.00000,1.38919,7.87846,0,True,70.00000,79.50000,-0.50000,9056,False,0,44750,50,-15.55000,-10.78506,-15.55000,-10.78506,0
2,1,1,80.00000,1.38919,7.87846,0,True,70.00000,79.50000,-0.50000,9056,False,0,44766,66,-15.55000,-10.78506,-15.55000,-10.78506,0
2,1,1,80.00000,1.38919,7.87846,0,True,70.00000,79.50000,-0.50000,9056,False,0,44783,83,-15.55000,-10.78506,-15.55000,-10.78506,0
2,1,1,80.00000,1.38919,7.87846,0,True,70.00000,79.50000,-0.50000,9056,False,0,44800,100,-15.55000,-10.78506,-15.55000,-10.78506,0
2,1,1,80.00000,1.38919,7.87846,0,True,70.00000,79.50000,-0.50000,9056,False,0,44816,116,-15.55000,-10.78506,-15.55000,-10.78506,0
2,1,1,80.00000,1.38919,7.87846,0,True,70.00000,79.50000,-0.50000,9056,False,0,44833,133,-15.55000,-10.78506,-15.55000,-10.78506,0
2,1,1,80.00000,1.38919,7.87846,0,True,70.00000,79.50000,-0.50000,9056,False,0,44850,150,-15.55000,-10.78506,-15.55000,-10.78506,0
2,1,1,80.00000,1.38919,7.87846,0,True,70.00000,79.50000,-0.50000,9056,False,0,44867,167,-15.55000,-10.78506,-15.55000,-10.78506,0
2,1,1,80.00000,1.38919,7.87846,0,True,70.00000,79.50000,-0.50000,9056,False,0,44883,183,-15.55000,-10.78506,-15.55000,-10.78506,0
2,1,1,80.00000,1.38919,7.87846,0,True,70.00000,79.50000,-0.50000,9056,False,0,44900,200,-15.55000,-10.78506,-15.55000,-10.78506,0
2,1,1,80.00000,1.38919,7.87846,0,True,70.00000,79.50000,-0.50000,9056,False,0,44916,216,-15.55000,-10.78506,-15.55000,-10.78506,0
2,1,1,80.00000,1.38919,7.87846,0,True,70.00000,79.50000,-0.50000,9056,False,0,44933,233,-15.55000,-10.78506,-15.55000,-10.78506,0
2,1,1,80.00000,1.38919,7.87846,0,True,70.00000,79.50000,-0.50000,9056,False,0,44950,250,-15.55000,-10.78506,-15.55000,-10.78506,0
2,1,1,80.00000,1.38919,7.87846,0,True,70.00000,79.50000,-0.50000,9056,False,0,44967,267,-15.55000,-10.78506,-15.55000,-10.78506,0
2,1,1,80.00000,1.38919,7.87846,0,True,70.00000,79.50000,-0.50000,9056,False,0,44983,283,-15.55000,-10.78506,-15.55000,-10.78506,0
2,1,1,80.00000,1.38919,7.87846,0,True,70.00000,79.50000,-0.50000,9056,False,0,45000,300,-15.55000,-10.78506,-15.55000,-10.78506,0
2,1,1,80.00000,1.38919,7.87846,0,True,70.00000,79.50000,-0.50000,9056,False,0,45016,316,-15.55000,-10.78506,-15.55000,-10.78506,0
2,1,1,80.00000,1.38919,7.87846,0,True,70.00000,79.50000,-0.50000,9056,False,0,45033,333,-15.55000,-10.78506,-15.55000,-10.78506,0
2,1,1,80.00000,1.38919,7.87846,0,True,70.00000,79.50000,-0.50000,9056,False,0,45050,350,-15.55000,-10.78506,-15.55000,-10.78506,0
2,1,1,80.00000,1.38919,7.87846,0,True,70.00000,79.50000,-0.50000,9056,False,0,45067,367,-15.55000,-10.78506,-15.55000,-10.78506,0
2,1,1,80.00000,1.38919,7.87846,0,True,70.00000,79.50000,-0.50000,9056,False,0,45083,383,-15.55000,-10.78506,-15.55000,-10.78506,0
2,1,1,80.00000,1.38919,7.87846,0,True,70.00000,79.50000,-0.50000,9056,False,0,45100,400,-15.55000,-10.78506,-15.55000,-10.78506,0
2,1,1,80.00000,1.38919,7.87846,0,True,70.00000,79.50000,-0.50000,9056,False,0,45116,416,-15.55000,-10.78506,-15.55000,-10.78506,0
2,1,1,80.00000,1.38919,7.87846,0,True,70.00000,79.50000,-0.50000,9056,False,0,45133,433,-15.55000,-10.78506,-15.55000,-10.78506,0
2,1,1,80.00000,1.38919,7.87846,0,True,70.00000,79.50000,-0.50000,9056,False,0,45150,450,-15.55000,-10.78506,-15.55000,-10.78506,0
2,1,1,80.00000,1.38919,7.87846,0,True,70.00000,79.50000,-0.50000,9056,False,0,45167,467,-15.55000,-10.78506,-15.55000,-10.78506,0
2,1,1,80.00000,1.38919,7.87846,0,True,70.00000,79.50000,-0.50000,9056,False,0,45183,483,-15.55000,-10.78506,-15.55000,-10.78506,0
2,1,1,80.00000,1.38919,7.87846,0,True,70.00000,79.50000,-0.50000,9056,False,0,45200,500,-15.55000,-10.78506,-15.55000,-10.78506,0
2,1,1,80.00000,1.38919,7.87846,0,True,70.00000,79.50000,-0.50000,9056,False,0,45217,517,-15.55000,-10.78506,-15.55000,-10.78506,0
2,1,1,80.00000,1.38919,7.87846,0,True,70.00000,79.50000,-0.50000,9056,False,0,45233,533,-15.55000,-10.78506,-15.55000,-10.78506,0
2,1,1,80.00000,1.38919,7.87846,0,True,70.00000,79.50000,-0.50000,9056,False,0,45250,550,-15.55000,-10.78506,-15.55000,-10.78506,0
2,1,1,80.00000,1.38919,7.87846,0,True,70.00000,79.50000,-0.50000,9056,False,0,45267,567,-15.55000,-10.78506,-15.55000,-10.78506,0
2,1,1,80.00000,1.38919,7.87846,0,True,70.00000,79.50000,-0.50000,9056,False,0,45283,583,-15.55000,-10.78506,-15.55000,-10.78506,0
2,1,1,80.00000,1.38919,7.87846,0,True,70.00000,79.50000,-0.50000,9056,False,0,45300,600,-15.55000,-10.78506,-15.55000,-10.78506,0
2,1,1,80.00000,1.38919,7.87846,0,True,70.00000,79.50000,-0.50000,9056,False,0,45317,617,-15.55000,-10.78506,-15.55000,-10.78506,0
2,1,1,80.00000,1.38919,7.87846,0,True,70.00000,79.50000,-0.50000,9056,False,0,45333,633,-15.55000,-10.78506,-15.55000,-10.78506,0
2,1,1,80.00000,1.38919,7.87846,0,True,70.00000,79.50000,-0.50000,9056,False,0,45350,650,-15.55000,-10.78506,-15.55000,-10.78506,0
2,1,1,80.00000,1.38919,7.87846,0,True,70.00000,79.50000,-0.50000,9056,False,0,45367,667,-15.55000,-10.78506,-15.55000,-10.78506,0
2,1,1,80.00000,1.38919,7.87846,0,True,70.00000,79.50000,-0.50000,9056,False,0,45383,683,-15.55000,-10.78506,-15.55000,-10.78506,0
2,1,1,80.00000,1.38919,7.87846,0,True,70.00000,79.50000,-0.50000,9056,False,0,45400,700,-15.55000,-10.78506,-15.55000,-10.78506,0
2,1,1,80.00000,1.38919,7.87846,0,True,70.00000,79.50000,-0.50000,9056,False,0,45417,717,-15.55000,-10.78506,-15.55000,-10.78506,0
2,1,1,80.00000,1.38919,7.87846,0,True,70.00000,79.50000,-0.50000,9056,False,0,45434,734,-15.55000,-10.78506,-15.55000,-10.78506,0
2,1,1,80.00000,1.38919,7.87846,0,True,70.00000,79.50000,-0.50000,9056,False,0,45450,750,-15.55000,-10.78506,-15.55000,-10.78506,0
2,1,1,80.00000,1.38919,7.87846,0,True,70.00000,79.50000,-0.50000,9056,False,0,45467,767,-15.55000,-10.78506,-15.55000,-10.78506,0
2,1,1,80.00000,1.38919,7.87846,0,True,70.00000,79.50000,-0.50000,9056,False,0,45483,783,-15.55000,-10.78506,-15.55000,-10.78506,0
2,1,1,80.00000,1.38919,7.87846,0,True,70.00000,79.50000,-0.50000,9056,False,0,45500,800,-15.55000,-10.78506,-15.55000,-10.78506,0
2,1,1,80.00000,1.38919,7.87846,0,True,70.00000,79.50000,-0.50000,9056,False,0,45517,817,-15.55000,-10.78506,-15.55000,-10.78506,0
2,1,1,80.00000,1.38919,7.87846,0,True,70.00000,79.50000,-0.50000,9056,False,0,45534,834,-15.55000,-10.78506,-15.55000,-10.78506,0
2,1,1,80.00000,1.38919,7.87846,0,True,70.00000,79.50000,-0.50000,9056,False,0,45550,850,-15.55000,-10.78506,-15.55000,-10.78506,0
2,1,1,80.00000,1.38919,7.87846,0,True,70.00000,79.50000,-0.50000,9056,False,0,45567,867,-15.55000,-10.78506,-15.55000,-10.78506,0
2,1,1,80.00000,1.38919,7.87846,0,True,70.00000,79.50000,-0.50000,9056,False,0,45584,884,-15.55000,-10.78506,-15.55000,-10.78506,0
2,1,1,80.00000,1.38919,7.87846,0,True,70.00000,79.50000,-0.50000,9056,False,0,45600,900,-1.92524,-2.21864,-1.92524,-2.21864,0
2,1,1,80.00000,1.38919,7.87846,0,True,70.00000,79.50000,-0.50000,9056,False,0,45616,916,-1.94375,-2.19810,-1.94375,-2.19810,0
2,1,1,80.00000,1.38919,7.87846,0,True,70.00000,79.50000,-0.50000,9056,False,0,45633,933,-1.96226,-2.17755,-1.96226,-2.17755,0
2,1,1,80.00000,1.38919,7.87846,0,True,70.00000,79.50000,-0.50000,9056,False,0,45650,950,-1.98077,-2.15701,-1.98077,-2.15701,0
2,1,1,80.00000,1.38919,7.87846,0,True,70.00000,79.50000,-0.50000,9056,False,0,45666,966,-1.99929,-2.13647,-1.99929,-2.13647,0
2,1,1,80.00000,1.38919,7.87846,0,True,70.00000,79.50000,-0.50000,9056,False,0,45684,984,-2.01780,-2.09538,-2.01780,-2.09538,0
2,1,1,80.00000,1.38919,7.87846,0,True,70.00000,79.50000,-0.50000,9056,False,0,45700,1000,-2.03631,-2.01321,-2.03631,-2.01321,0
2,1,1,80.00000,1.38919,7.87846,0,True,70.00000,79.50000,-0.50000,9056,False,0,45717,1017,-2.05482,-1.93104,-2.05482,-1.93104,0
2,1,1,80.00000,1.38919,7.87846,0,True,70.00000,79.50000,-0.50000,9056,False,0,45734,1034,-2.07333,-1.82832,-2.07333,-1.82832,0
2,1,1,80.00000,1.38919,7.87846,0,True,70.00000,79.50000,-0.50000,9056,False,0,45751,1051,-2.09185,-1.70507,-2.09185,-1.70507,0
2,1,1,80.00000,1.38919,7.87846,0,True,70.00000,79.50000,-0.50000,9056,False,0,45767,1067,-2.09185,-1.56127,-2.09185,-1.56127,0
2,1,1,80.00000,1.38919,7.87846,0,True,70.00000,79.50000,-0.50000,9056,False,0,45784,1084,-2.16589,-1.43801,-2.16589,-1.43801,0
2,1,1,80.00000,1.38919,7.87846,0,True,70.00000,79.50000,-0.50000,9056,False,0,45800,1100,-2.25845,-1.41746,-2.25845,-1.41746,0
2,1,1,80.00000,1.38919,7.87846,0,True,70.00000,79.50000,-0.50000,9056,False,0,45817,1117,-2.33250,-1.35584,-2.33250,-1.35584,0
2,1,1,80.00000,1.38919,7.87846,0,True,70.00000,79.50000,-0.50000,9056,False,0,45834,1134,-2.35101,-1.27366,-2.35101,-1.27366,0
2,1,1,80.00000,1.38919,7.87846,0,True,70.00000,79.50000,-0.50000,9056,False,0,45850,1150,-2.31399,-1.15041,-2.31399,-1.15041,0
2,1,1,80.00000,1.38919,7.87846,0,True,70.00000,79.50000,-0.50000,9056,False,0,45867,1167,-2.27696,-1.04769,-2.27696,-1.04769,0
2,1,1,80.00000,1.38919,7.87846,0,True,70.00000,79.50000,-0.50000,9056,False,0,45884,1184,-2.22143,-0.94498,-2.22143,-0.94498,0
2,1,1,80.00000,1.38919,7.87846,0,True,70.00000,79.50000,-0.50000,9056,False,0,45900,1200,-2.22143,-0.88335,-2.22143,-0.88335,0
2,1,1,80.00000,1.38919,7.87846,0,True,70.00000,79.50000,-0.50000,9056,False,0,45917,1217,-2.22143,-0.84226,-2.22143,-0.84226,0
2,1,1,80.00000,1.38919,7.87846,0,True,70.00000,79.50000,-0.50000,9056,False,0,45934,1234,-2.25845,-0.82172,-2.25845,-0.82172,0
2,1,1,80.00000,1.38919,7.87846,0,True,70.00000,79.50000,-0.50000,9056,False,0,45950,1250,-2.29548,-0.78063,-2.29548,-0.78063,0
2,1,1,80.00000,1.38919,7.87846,0,True,70.00000,79.50000,-0.50000,9056,False,0,45967,1267,-2.33250,-0.76009,-2.33250,-0.76009,0
2,1,1,80.00000,1.38919,7.87846,0,True,70.00000,79.50000,-0.50000,9056,False,0,45984,1284,-2.36952,-0.71900,-2.36952,-0.71900,0
2,1,1,80.00000,1.38919,7.87846,0,True,70.00000,79.50000,-0.50000,9056,False,0,46000,1300,-2.36952,-0.69846,-2.36952,-0.69846,0
2,1,1,80.00000,1.38919,7.87846,0,True,70.00000,79.50000,-0.50000,9056,False,0,46017,1317,-2.38804,-0.65737,-2.38804,-0.65737,0
2,1,1,80.00000,1.38919,7.87846,0,True,70.00000,79.50000,-0.50000,9056,False,0,46034,1334,-2.40655,-0.61629,-2.40655,-0.61629,0
2,1,1,80.00000,1.38919,7.87846,0,True,70.00000,79.50000,-0.50000,9056,False,0,46050,1350,-2.42506,-0.59575,-2.42506,-0.59575,0
2,1,1,80.00000,1.38919,7.87846,0,True,70.00000,79.50000,-0.50000,9056,False,0,46067,1367,-2.44357,-0.55466,-2.44357,-0.55466,0
2,1,1,80.00000,1.38919,7.87846,0,True,70.00000,79.50000,-0.50000,9056,False,0,46084,1384,-2.46208,-0.51357,-2.46208,-0.51357,0
2,1,1,80.00000,1.38919,7.87846,0,True,70.00000,79.50000,-0.50000,9056,False,0,46101,1401,-2.48060,-0.47249,-2.48060,-0.47249,0
2,1,1,80.00000,1.38919,7.87846,0,True,70.00000,79.50000,-0.50000,9056,False,0,46117,1417,-2.48060,-0.43140,-2.48060,-0.43140,0
2,1,1,80.00000,1.38919,7.87846,0,True,70.00000,79.50000,-0.50000,9056,False,0,46134,1434,-2.49911,-0.39032,-2.49911,-0.39032,0
2,1,1,80.00000,1.38919,7.87846,0,True,70.00000,79.50000,-0.50000,9056,False,0,46151,1451,-2.51762,-0.34923,-2.51762,-0.34923,0
2,1,1,80.00000,1.38919,7.87846,0,True,70.00000,79.50000,-0.50000,9056,False,0,46167,1467,-2.51762,-0.30814,-2.51762,-0.30814,0
2,1,1,80.00000,1.38919,7.87846,0,True,70.00000,79.50000,-0.50000,9056,False,0,46184,1484,-2.53613,-0.26706,-2.53613,-0.26706,0
2,1,1,80.00000,1.38919,7.87846,0,True,70.00000,79.50000,-0.50000,9056,False,0,46201,1501,-2.53613,-0.20543,-2.53613,-0.20543,0
2,1,1,80.00000,1.38919,7.87846,0,True,70.00000,79.50000,-0.50000,9056,False,0,46217,1517,-2.51762,-0.12326,-2.51762,-0.12326,0
2,1,1,80.00000,1.38919,7.87846,0,True,70.00000,79.50000,-0.50000,9056,False,0,46234,1534,-2.51762,-0.08217,-2.51762,-0.08217,0
2,1,1,80.00000,1.38919,7.87846,0,True,70.00000,79.50000,-0.50000,9056,False,0,46251,1551,-2.49911,-0.02054,-2.49911,-0.02054,0
2,1,1,80.00000,1.38919,7.87846,0,True,70.00000,79.50000,-0.50000,9056,False,0,46267,1567,-2.49911,0.02054,-2.49911,0.02054,0
2,1,1,80.00000,1.38919,7.87846,0,True,70.00000,79.50000,-0.50000,9056,False,0,46284,1584,-2.49911,0.06163,-2.49911,0.06163,0
2,1,1,80.00000,1.38919,7.87846,0,True,70.00000,79.50000,-0.50000,9056,False,0,46301,1601,-2.49911,0.10271,-2.49911,0.10271,0
2,1,1,80.00000,1.38919,7.87846,0,True,70.00000,79.50000,-0.50000,9056,False,0,46317,1617,-2.49911,0.14380,-2.49911,0.14380,0
2,1,1,80.00000,1.38919,7.87846,0,True,70.00000,79.50000,-0.50000,9056,False,0,46334,1634,-2.49911,0.20543,-2.49911,0.20543,0
2,1,1,80.00000,1.38919,7.87846,0,True,70.00000,79.50000,-0.50000,9056,False,0,46351,1651,-2.49911,0.22597,-2.49911,0.22597,0
2,1,1,80.00000,1.38919,7.87846,0,True,70.00000,79.50000,-0.50000,9056,False,0,46367,1667,-2.48060,0.26706,-2.48060,0.26706,0
2,1,1,80.00000,1.38919,7.87846,0,True,70.00000,79.50000,-0.50000,9056,False,0,46384,1684,-2.48060,0.28760,-2.48060,0.28760,0
2,1,1,80.00000,1.38919,7.87846,0,True,70.00000,79.50000,-0.50000,9056,False,0,46401,1701,-2.48060,0.32869,-2.48060,0.32869,0
2,1,1,80.00000,1.38919,7.87846,0,True,70.00000,79.50000,-0.50000,9056,False,0,46417,1717,-2.48060,0.34923,-2.48060,0.34923,0
2,1,1,80.00000,1.38919,7.87846,0,True,70.00000,79.50000,-0.50000,9056,False,0,46434,1734,-2.46208,0.41086,-2.46208,0.41086,0
2,1,1,80.00000,1.38919,7.87846,0,True,70.00000,79.50000,-0.50000,9056,False,0,46451,1751,-2.44357,0.43140,-2.44357,0.43140,0
2,1,1,80.00000,1.38919,7.87846,0,True,70.00000,79.50000,-0.50000,9056,False,0,46467,1767,-2.44357,0.45195,-2.44357,0.45195,0
2,1,1,80.00000,1.38919,7.87846,0,True,70.00000,79.50000,-0.50000,9056,False,0,46484,1784,-2.44357,0.45195,-2.44357,0.45195,0
2,1,1,80.00000,1.38919,7.87846,0,True,70.00000,79.50000,-0.50000,9056,False,0,46501,1801,-2.44357,0.45195,-2.44357,0.45195,0
2,1,1,80.00000,1.38919,7.87846,0,True,70.00000,79.50000,-0.50000,9056,False,0,46518,1818,-2.44357,0.47249,-2.44357,0.47249,0
2,1,1,80.00000,1.38919,7.87846,0,True,70.00000,79.50000,-0.50000,9056,False,0,46534,1834,-2.44357,0.47249,-2.44357,0.47249,0
2,1,1,80.00000,1.38919,7.87846,0,True,70.00000,79.50000,-0.50000,9056,False,0,46551,1851,-2.48060,0.47249,-2.48060,0.47249,0
2,1,1,80.00000,1.38919,7.87846,0,True,70.00000,79.50000,-0.50000,9056,False,0,46568,1868,-2.53613,0.47249,-2.53613,0.47249,0
2,1,1,80.00000,1.38919,7.87846,0,True,70.00000,79.50000,-0.50000,9056,False,0,46584,1884,-2.59167,0.45195,-2.59167,0.45195,0
2,1,1,80.00000,1.38919,7.87846,0,True,70.00000,79.50000,-0.50000,9056,False,0,46601,1901,-2.66571,0.41086,-2.66571,0.41086,0
2,1,1,80.00000,1.38919,7.87846,0,True,70.00000,79.50000,-0.50000,9056,False,0,46618,1918,-2.73976,0.36977,-2.73976,0.36977,0
2,1,1,80.00000,1.38919,7.87846,0,True,70.00000,79.50000,-0.50000,9056,False,0,46634,1934,-2.81381,0.32869,-2.81381,0.32869,0
2,1,1,80.00000,1.38919,7.87846,0,True,70.00000,79.50000,-0.50000,9056,False,0,46651,1951,-2.86935,0.30814,-2.86935,0.30814,0
2,1,1,80.00000,1.38919,7.87846,0,True,70.00000,79.50000,-0.50000,9056,False,0,46668,1968,-2.92488,0.24652,-2.92488,0.24652,0
2,1,1,80.00000,1.38919,7.87846,0,True,70.00000,79.50000,-0.50000,9056,False,0,46684,1984,-2.99893,0.20543,-2.99893,0.20543,0
2,1,1,80.00000,1.38919,7.87846,0,True,70.00000,79.50000,-0.50000,9056,False,0,46701,2001,-3.03595,0.16434,-3.03595,0.16434,0
2,1,1,80.00000,1.38919,7.87846,0,True,70.00000,79.50000,-0.50000,9056,False,0,46718,2018,-3.07298,0.14380,-3.07298,0.14380,0
2,1,1,80.00000,1.38919,7.87846,0,True,70.00000,79.50000,-0.50000,9056,False,0,46734,2034,-3.11000,0.10271,-3.11000,0.10271,0
2,1,1,80.00000,1.38919,7.87846,0,True,70.00000,79.50000,-0.50000,9056,False,0,46751,2051,-3.14702,0.04109,-3.14702,0.04109,0
2,1,1,80.00000,1.38919,7.87846,0,True,70.00000,79.50000,-0.50000,9056,False,0,46768,2068,-3.18405,0.00000,-3.18405,0.00000,0
2,1,1,80.00000,1.38919,7.87846,0,True,70.00000,79.50000,-0.50000,9056,False,0,46784,2084,-3.23958,-0.04109,-3.23958,-0.04109,0
2,1,1,80.00000,1.38919,7.87846,0,True,70.00000,79.50000,-0.50000,9056,False,0,46801,2101,-3.25810,-0.08217,-3.25810,-0.08217,0
2,1,1,80.00000,1.38919,7.87846,0,True,70.00000,79.50000,-0.50000,9056,False,0,46818,2118,-3.29512,-0.12326,-3.29512,-0.12326,0
2,1,1,80.00000,1.38919,7.87846,0,True,70.00000,79.50000,-0.50000,9056,False,0,46834,2134,-3.33214,-0.16434,-3.33214,-0.16434,0
2,1,1,80.00000,1.38919,7.87846,0,True,70.00000,79.50000,-0.50000,9056,False,0,46851,2151,-3.35065,-0.20543,-3.35065,-0.20543,0
2,1,1,80.00000,1.38919,7.87846,0,True,70.00000,79.50000,-0.50000,9056,False,0,46868,2168,-3.36917,-0.22597,-3.36917,-0.22597,0
2,1,1,80.00000,1.38919,7.87846,0,True,70.00000,79.50000,-0.50000,9056,False,0,46884,2184,-3.36917,-0.22597,-3.36917,-0.22597,0
2,1,1,80.00000,1.38919,7.87846,0,True,70.00000,79.50000,-0.50000,9056,False,0,46901,2201,-3.36917,-0.22597,-3.36917,-0.22597,0
2,1,1,80.00000,1.38919,7.87846,0,True,70.00000,79.50000,-0.50000,9056,False,0,46918,2218,-3.36917,-0.22597,-3.36917,-0.22597,0
2,1,1,80.00000,1.38919,7.87846,0,True,70.00000,79.50000,-0.50000,9056,False,0,46934,2234,-3.35065,-0.20543,-3.35065,-0.20543,0
2,1,1,80.00000,1.38919,7.87846,0,True,70.00000,79.50000,-0.50000,9056,False,0,46951,2251,-3.31363,-0.18489,-3.31363,-0.18489,0
2,1,1,80.00000,1.38919,7.87846,0,True,70.00000,79.50000,-0.50000,9056,False,0,46968,2268,-3.25810,-0.12326,-3.25810,-0.12326,0
2,1,1,80.00000,1.38919,7.87846,0,True,70.00000,79.50000,-0.50000,9056,False,0,46985,2285,-3.18405,-0.04109,-3.18405,-0.04109,0
2,1,1,80.00000,1.38919,7.87846,0,True,70.00000,79.50000,-0.50000,9056,False,0,47001,2301,-3.11000,0.02054,-3.11000,0.02054,0
2,1,1,80.00000,1.38919,7.87846,0,True,70.00000,79.50000,-0.50000,9056,False,0,47018,2318,-3.03595,0.10271,-3.03595,0.10271,0
2,1,1,80.00000,1.38919,7.87846,0,True,70.00000,79.50000,-0.50000,9056,False,0,47035,2335,-2.98042,0.14380,-2.98042,0.14380,0
2,1,1,80.00000,1.38919,7.87846,0,True,70.00000,79.50000,-0.50000,9056,False,0,47051,2351,-2.94339,0.18489,-2.94339,0.18489,0
2,1,1,80.00000,1.38919,7.87846,0,True,70.00000,79.50000,-0.50000,9056,False,0,47068,2368,-2.88786,0.22597,-2.88786,0.22597,0
2,1,1,80.00000,1.38919,7.87846,0,True,70.00000,79.50000,-0.50000,9056,False,0,47084,2384,-2.83232,0.28760,-2.83232,0.28760,0
2,1,1,80.00000,1.38919,7.87846,0,True,70.00000,79.50000,-0.50000,9056,False,0,47101,2401,-2.77679,0.32869,-2.77679,0.32869,0
2,1,1,80.00000,1.38919,7.87846,0,True,70.00000,79.50000,-0.50000,9056,False,0,47118,2418,-2.73976,0.36977,-2.73976,0.36977,0
2,1,1,80.00000,1.38919,7.87846,0,True,70.00000,79.50000,-0.50000,9056,False,0,47135,2435,-2.72125,0.39032,-2.72125,0.39032,0
2,1,1,80.00000,1.38919,7.87846,0,True,70.00000,79.50000,-0.50000,9056,False,0,47151,2451,-2.68423,0.43140,-2.68423,0.43140,0
2,1,1,80.00000,1.38919,7.87846,0,True,70.00000,79.50000,-0.50000,9056,False,0,47168,2468,-2.62869,0.47249,-2.62869,0.47249,0
2,1,1,80.00000,1.38919,7.87846,0,True,70.00000,79.50000,-0.50000,9056,False,0,47185,2485,-2.57315,0.53412,-2.57315,0.53412,0
2,1,1,80.00000,1.38919,7.87846,0,True,70.00000,79.50000,-0.50000,9056,False,0,47202,2502,-2.51762,0.57520,-2.51762,0.57520,0
2,1,1,80.00000,1.38919,7.87846,0,True,70.00000,79.50000,-0.50000,9056,False,0,47218,2518,-2.46208,0.61629,-2.46208,0.61629,0
2,1,1,80.00000,1.38919,7.87846,0,True,70.00000,79.50000,-0.50000,9056,False,0,47235,2535,-2.42506,0.65737,-2.42506,0.65737,0
2,1,1,80.00000,1.38919,7.87846,0,True,70.00000,79.50000,-0.50000,9056,False,0,47251,2551,-2.38804,0.69846,-2.38804,0.69846,0
2,1,1,80.00000,1.38919,7.87846,0,True,70.00000,79.50000,-0.50000,9056,False,0,47268,2568,-2.36952,0.71900,-2.36952,0.71900,0
2,1,1,80.00000,1.38919,7.87846,0,True,70.00000,79.50000,-0.50000,9056,False,0,47285,2585,-2.35101,0.73955,-2.35101,0.73955,0
2,1,1,80.00000,1.38919,7.87846,0,True,70.00000,79.50000,-0.50000,9056,False,0,47301,2601,-2.33250,0.76009,-2.33250,0.76009,0
2,1,1,80.00000,1.38919,7.87846,0,True,70.00000,79.50000,-0.50000,9056,False,0,47318,2618,-2.29548,0.80118,-2.29548,0.80118,0
2,1,1,80.00000,1.38919,7.87846,0,True,70.00000,79.50000,-0.50000,9056,False,0,47335,2635,-2.27696,0.82172,-2.27696,0.82172,0
2,1,1,80.00000,1.38919,7.87846,0,True,70.00000,79.50000,-0.50000,9056,False,0,47351,2651,-2.23994,0.86280,-2.23994,0.86280,0
2,1,1,80.00000,1.38919,7.87846,0,True,70.00000,79.50000,-0.50000,9056,False,0,47368,2668,-2.22143,0.88335,-2.22143,0.88335,0
2,1,1,80.00000,1.38919,7.87846,0,True,70.00000,79.50000,-0.50000,9056,False,0,47385,2685,-2.18440,0.92443,-2.18440,0.92443,0
2,1,1,80.00000,1.38919,7.87846,0,True,70.00000,79.50000,-0.50000,9056,False,0,47401,2701,-2.12887,0.96552,-2.12887,0.96552,0
2,1,1,80.00000,1.38919,7.87846,0,True,70.00000,79.50000,-0.50000,9056,False,0,47418,2718,-2.09185,0.98606,-2.09185,0.98606,0
2,1,1,80.00000,1.38919,7.87846,0,True,70.00000,79.50000,-0.50000,9056,False,0,47435,2735,-2.03631,1.02715,-2.03631,1.02715,0
2,1,1,80.00000,1.38919,7.87846,0,True,70.00000,79.50000,-0.50000,9056,False,0,47452,2752,-2.01780,1.06823,-2.01780,1.06823,0
2,1,1,80.00000,1.38919,7.87846,0,True,70.00000,79.50000,-0.50000,9056,False,0,47468,2768,-1.98077,1.08878,-1.98077,1.08878,0
2,1,1,80.00000,1.38919,7.87846,0,True,70.00000,79.50000,-0.50000,9056,False,0,47485,2785,-1.94375,1.12986,-1.94375,1.12986,0
2,1,1,80.00000,1.38919,7.87846,0,True,70.00000,79.50000,-0.50000,9056,False,0,47501,2801,-1.90673,1.15041,-1.90673,1.15041,0
2,1,1,80.00000,1.38919,7.87846,0,True,70.00000,79.50000,-0.50000,9056,False,0,47518,2818,-1.88821,1.17095,-1.88821,1.17095,0
2,1,1,80.00000,1.38919,7.87846,0,True,70.00000,79.50000,-0.50000,9056,False,0,47535,2835,-1.85119,1.19149,-1.85119,1.19149,0
2,1,1,80.00000,1.38919,7.87846,0,True,70.00000,79.50000,-0.50000,9056,False,0,47552,2852,-1.81417,1.21203,-1.81417,1.21203,0
2,1,1,80.00000,1.38919,7.87846,0,True,70.00000,79.50000,-0.50000,9056,False,0,47568,2868,-1.77714,1.23258,-1.77714,1.23258,0
2,1,1,80.00000,1.38919,7.87846,0,True,70.00000,79.50000,-0.50000,9056,False,0,47585,2885,-1.70310,1.29421,-1.70310,1.29421,0
2,1,1,80.00000,1.38919,7.87846,0,True,70.00000,79.50000,-0.50000,9056,False,0,47602,2902,-1.64756,1.31475,-1.64756,1.31475,0
2,1,1,80.00000,1.38919,7.87846,0,True,70.00000,79.50000,-0.50000,9056,False,0,47619,2919,-1.59202,1.35584,-1.59202,1.35584,0
2,1,1,80.00000,1.38919,7.87846,0,True,70.00000,79.50000,-0.50000,9056,False,0,47635,2935,-1.55500,1.37638,-1.55500,1.37638,0
2,1,1,80.00000,1.38919,7.87846,0,True,70.00000,79.50000,-0.50000,9056,False,0,47652,2952,-1.51798,1.39692,-1.51798,1.39692,0
2,1,1,80.00000,1.38919,7.87846,0,True,70.00000,79.50000,-0.50000,9056,False,0,47668,2968,-1.48095,1.43801,-1.48095,1.43801,0
2,1,1,80.00000,1.38919,7.87846,0,True,70.00000,79.50000,-0.50000,9056,False,0,47685,2985,-1.44393,1.45855,-1.44393,1.45855,0
2,1,1,80.00000,1.38919,7.87846,0,True,70.00000,79.50000,-0.50000,9056,False,0,47702,3002,-1.40690,1.49964,-1.40690,1.49964,0
2,1,1,80.00000,1.38919,7.87846,0,True,70.00000,79.50000,-0.50000,9056,False,0,47719,3019,-1.36988,1.52018,-1.36988,1.52018,0
2,1,1,80.00000,1.38919,7.87846,0,True,70.00000,79.50000,-0.50000,9056,False,0,47735,3035,-1.31435,1.56127,-1.31435,1.56127,0
2,1,1,80.00000,1.38919,7.87846,0,True,70.00000,79.50000,-0.50000,9056,False,0,47752,3052,-1.27732,1.58181,-1.27732,1.58181,0
2,1,1,80.00000,1.38919,7.87846,0,True,70.00000,79.50000,-0.50000,9056,False,0,47768,3068,-1.22179,1.60235,-1.22179,1.60235,0
2,1,1,80.00000,1.38919,7.87846,0,True,70.00000,79.50000,-0.50000,9056,False,0,47785,3085,-1.18476,1.64344,-1.18476,1.64344,0
2,1,1,80.00000,1.38919,7.87846,0,True,70.00000,79.50000,-0.50000,9056,False,0,47802,3102,-1.14774,1.66398,-1.14774,1.66398,0
2,1,1,80.00000,1.38919,7.87846,0,True,70.00000,79.50000,-0.50000,9056,False,0,47819,3119,-1.11071,1.68452,-1.11071,1.68452,0
2,1,1,80.00000,1.38919,7.87846,0,True,70.00000,79.50000,-0.50000,9056,False,0,47835,3135,-1.09220,1.70507,-1.09220,1.70507,0
2,1,1,80.00000,1.38919,7.87846,0,True,70.00000,79.50000,-0.50000,9056,False,0,47852,3152,-1.05518,1.74615,-1.05518,1.74615,0
2,1,1,80.00000,1.38919,7.87846,0,True,70.00000,79.50000,-0.50000,9056,False,0,47868,3168,-1.01815,1.76669,-1.01815,1.76669,0
2,1,1,80.00000,1.38919,7.87846,0,True,70.00000,79.50000,-0.50000,9056,False,0,47885,3185,-0.96262,1.80778,-0.96262,1.80778,0
2,1,1,80.00000,1.38919,7.87846,0,True,70.00000,79.50000,-0.50000,9056,False,0,47902,3202,-0.92560,1.84887,-0.92560,1.84887,0
2,1,1,80.00000,1.38919,7.87846,0,True,70.00000,79.50000,-0.50000,9056,False,0,47919,3219,-0.88857,1.86941,-0.88857,1.86941,0
2,1,1,80.00000,1.38919,7.87846,0,True,70.00000,79.50000,-0.50000,9056,False,0,47935,3235,-0.85155,1.88995,-0.85155,1.88995,0
2,1,1,80.00000,1.38919,7.87846,0,True,70.00000,79.50000,-0.50000,9056,False,0,47952,3252,-0.81452,1.93104,-0.81452,1.93104,0
2,1,1,80.00000,1.38919,7.87846,0,True,70.00000,79.50000,-0.50000,9056,False,0,47969,3269,-0.75899,1.97212,-0.75899,1.97212,0
2,1,1,80.00000,1.38919,7.87846,0,True,70.00000,79.50000,-0.50000,9056,False,0,47985,3285,-0.70345,2.01321,-0.70345,2.01321,0
2,1,1,80.00000,1.38919,7.87846,0,True,70.00000,79.50000,-0.50000,9056,False,0,48002,3302,-0.64792,2.05430,-0.64792,2.05430,0
2,1,1,80.00000,1.38919,7.87846,0,True,70.00000,79.50000,-0.50000,9056,False,0,48019,3319,-0.61089,2.07484,-0.61089,2.07484,0
2,1,1,80.00000,1.38919,7.87846,0,True,70.00000,79.50000,-0.50000,9056,False,0,48035,3335,-0.59238,2.09538,-0.59238,2.09538,0
2,1,1,80.00000,1.38919,7.87846,0,True,70.00000,79.50000,-0.50000,9056,False,0,48052,3352,-0.55536,2.13647,-0.55536,2.13647,0
2,1,1,80.00000,1.38919,7.87846,0,True,70.00000,79.50000,-0.50000,9056,False,0,48069,3369,-0.51833,2.17755,-0.51833,2.17755,0
2,1,1,80.00000,1.38919,7.87846,0,True,70.00000,79.50000,-0.50000,9056,False,0,48086,3386,-0.48131,2.19810,-0.48131,2.19810,0
2,1,1,80.00000,1.38919,7.87846,0,True,70.00000,79.50000,-0.50000,9056,False,0,48102,3402,-0.46280,2.23918,-0.46280,2.23918,0
2,1,1,80.00000,1.38919,7.87846,0,True,70.00000,79.50000,-0.50000,9056,False,0,48119,3419,-0.42577,2.25973,-0.42577,2.25973,0
2,1,1,80.00000,1.38919,7.87846,0,True,70.00000,79.50000,-0.50000,9056,False,0,48135,3435,-0.38875,2.28027,-0.38875,2.28027,0
2,1,1,80.00000,1.38919,7.87846,0,True,70.00000,79.50000,-0.50000,9056,False,0,48152,3452,-0.35173,2.32135,-0.35173,2.32135,0
2,1,1,80.00000,1.38919,7.87846,0,True,70.00000,79.50000,-0.50000,9056,False,0,48169,3469,-0.31470,2.34190,-0.31470,2.34190,0
2,1,1,80.00000,1.38919,7.87846,0,True,70.00000,79.50000,-0.50000,9056,False,0,48185,3485,-0.25917,2.36244,-0.25917,2.36244,0
2,1,1,80.00000,1.38919,7.87846,0,True,70.00000,79.50000,-0.50000,9056,False,0,48202,3502,-0.20363,2.38298,-0.20363,2.38298,0
2,1,1,80.00000,1.38919,7.87846,0,True,70.00000,79.50000,-0.50000,9056,False,0,48219,3519,-0.14810,2.42407,-0.14810,2.42407,0
2,1,1,80.00000,1.38919,7.87846,0,True,70.00000,79.50000,-0.50000,9056,False,0,48235,3535,-0.07405,2.44461,-0.07405,2.44461,0
2,1,1,80.00000,1.38919,7.87846,0,True,70.00000,79.50000,-0.50000,9056,False,0,48252,3552,-0.03702,2.46516,-0.03702,2.46516,0
2,1,1,80.00000,1.38919,7.87846,0,True,70.00000,79.50000,-0.50000,9056,False,0,48269,3569,0.00000,2.48570,0.00000,2.48570,0
2,1,1,80.00000,1.38919,7.87846,0,True,70.00000,79.50000,-0.50000,9056,False,0,48286,3586,0.03702,2.50624,0.03702,2.50624,0
2,1,1,80.00000,1.38919,7.87846,0,True,70.00000,79.50000,-0.50000,9056,False,0,48302,3602,0.07405,2.50624,0.07405,2.50624,0
2,1,1,80.00000,1.38919,7.87846,0,True,70.00000,79.50000,-0.50000,9056,False,0,48319,3619,0.07405,2.50624,0.07405,2.50624,0
2,1,1,80.00000,1.38919,7.87846,0,True,70.00000,79.50000,-0.50000,9056,False,0,48336,3636,0.07405,2.50624,0.07405,2.50624,0
2,1,1,80.00000,1.38919,7.87846,0,True,70.00000,79.50000,-0.50000,9056,False,0,48352,3652,0.07405,2.50624,0.07405,2.50624,0
2,1,1,80.00000,1.38919,7.87846,0,True,70.00000,79.50000,-0.50000,9056,False,0,48369,3669,0.07405,2.50624,0.07405,2.50624,0
2,1,1,80.00000,1.38919,7.87846,0,True,70.00000,79.50000,-0.50000,9056,False,0,48386,3686,0.03702,2.48570,0.03702,2.48570,0
2,1,1,80.00000,1.38919,7.87846,0,True,70.00000,79.50000,-0.50000,9056,False,0,48402,3702,-0.01851,2.42407,-0.01851,2.42407,0
2,1,1,80.00000,1.38919,7.87846,0,True,70.00000,79.50000,-0.50000,9056,False,0,48419,3719,-0.11107,2.36244,-0.11107,2.36244,0
2,1,1,80.00000,1.38919,7.87846,0,True,70.00000,79.50000,-0.50000,9056,False,0,48436,3736,-0.22214,2.28027,-0.22214,2.28027,0
2,1,1,80.00000,1.38919,7.87846,0,True,70.00000,79.50000,-0.50000,9056,False,0,48452,3752,-0.37024,2.15701,-0.37024,2.15701,0
2,1,1,80.00000,1.38919,7.87846,0,True,70.00000,79.50000,-0.50000,9056,False,0,48469,3769,-0.51833,2.03375,-0.51833,2.03375,0
2,1,1,80.00000,1.38919,7.87846,0,True,70.00000,79.50000,-0.50000,9056,False,0,48486,3786,-0.59238,1.95158,-0.59238,1.95158,0
2,1,1,80.00000,1.38919,7.87846,0,True,70.00000,79.50000,-0.50000,9056,False,0,48503,3803,-0.66643,1.86941,-0.66643,1.86941,0
2,1,1,80.00000,1.38919,7.87846,0,True,70.00000,79.50000,-0.50000,9056,False,0,48519,3819,-0.74048,1.78724,-0.74048,1.78724,0
2,1,1,80.00000,1.38919,7.87846,0,True,70.00000,79.50000,-0.50000,9056,False,0,48536,3836,-0.87006,1.66398,-0.87006,1.66398,0
2,1,1,80.00000,1.38919,7.87846,0,True,70.00000,79.50000,-0.50000,9056,False,0,48552,3852,-0.94411,1.56127,-0.94411,1.56127,0
2,1,1,80.00000,1.38919,7.87846,0,True,70.00000,79.50000,-0.50000,9056,False,0,48569,3869,-1.05518,1.45855,-1.05518,1.45855,0
2,1,1,80.00000,1.38919,7.87846,0,True,70.00000,79.50000,-0.50000,9056,False,0,48586,3886,-1.11071,1.35584,-1.11071,1.35584,0
2,1,1,80.00000,1.38919,7.87846,0,True,70.00000,79.50000,-0.50000,9056,False,0,48602,3902,-1.16625,1.29421,-1.16625,1.29421,0
2,1,1,80.00000,1.38919,7.87846,0,True,70.00000,79.50000,-0.50000,9056,False,0,48619,3919,-1.22179,1.21203,-1.22179,1.21203,0
2,1,1,80.00000,1.38919,7.87846,0,True,70.00000,79.50000,-0.50000,9056,False,0,48636,3936,-1.27732,1.15041,-1.27732,1.15041,0
2,1,1,80.00000,1.38919,7.87846,0,True,70.00000,79.50000,-0.50000,9056,False,0,48652,3952,-1.33286,1.06823,-1.33286,1.06823,0
2,1,1,80.00000,1.38919,7.87846,0,True,70.00000,79.50000,-0.50000,9056,False,0,48669,3969,-1.35137,1.04769,-1.35137,1.04769,0
2,1,1,80.00000,1.38919,7.87846,0,True,70.00000,79.50000,-0.50000,9056,False,0,48686,3986,-1.36988,1.00661,-1.36988,1.00661,0
2,1,1,80.00000,1.38919,7.87846,0,True,70.00000,79.50000,-0.50000,9056,False,0,48703,4003,-1.40690,0.96552,-1.40690,0.96552,0
2,1,1,80.00000,1.38919,7.87846,0,True,70.00000,79.50000,-0.50000,9056,False,0,48719,4019,-1.42542,0.94498,-1.42542,0.94498,0
2,1,1,80.00000,1.38919,7.87846,0,True,70.00000,79.50000,-0.50000,9056,False,0,48736,4036,-1.44393,0.90389,-1.44393,0.90389,0
2,1,1,80.00000,1.38919,7.87846,0,True,70.00000,79.50000,-0.50000,9056,False,0,48752,4052,-1.46244,0.88335,-1.46244,0.88335,0
2,1,1,80.00000,1.38919,7.87846,0,True,70.00000,79.50000,-0.50000,9056,False,0,48769,4069,-1.48095,0.86280,-1.48095,0.86280,0
2,1,1,80.00000,1.38919,7.87846,0,True,70.00000,79.50000,-0.50000,9056,False,0,48786,4086,-1.49946,0.82172,-1.49946,0.82172,0
2,1,1,80.00000,1.38919,7.87846,0,True,70.00000,79.50000,-0.50000,9056,False,0,48802,4102,-1.51798,0.78063,-1.51798,0.78063,0
2,1,1,80.00000,1.38919,7.87846,0,True,70.00000,79.50000,-0.50000,9056,False,0,48819,4119,-1.55500,0.73955,-1.55500,0.73955,0
2,1,1,80.00000,1.38919,7.87846,0,True,70.00000,79.50000,-0.50000,9056,False,0,48836,4136,-1.55500,0.71900,-1.55500,0.71900,0
2,1,1,80.00000,1.38919,7.87846,0,True,70.00000,79.50000,-0.50000,9056,False,0,48852,4152,-1.59202,0.67792,-1.59202,0.67792,0
2,1,1,80.00000,1.38919,7.87846,0,True,70.00000,79.50000,-0.50000,9056,False,0,48869,4169,-1.62905,0.61629,-1.62905,0.61629,0
2,1,1,80.00000,1.38919,7.87846,0,True,70.00000,79.50000,-0.50000,9056,False,0,48886,4186,-1.64756,0.57520,-1.64756,0.57520,0
2,1,1,80.00000,1.38919,7.87846,0,True,70.00000,79.50000,-0.50000,9056,False,0,48903,4203,-1.64756,0.53412,-1.64756,0.53412,0
2,1,1,80.00000,1.38919,7.87846,0,True,70.00000,79.50000,-0.50000,9056,False,0,48919,4219,-1.66607,0.49303,-1.66607,0.49303,0
2,1,1,80.00000,1.38919,7.87846,0,True,70.00000,79.50000,-0.50000,9056,False,0,48936,4236,-1.68458,0.47249,-1.68458,0.47249,0
2,1,1,80.00000,1.38919,7.87846,0,True,70.00000,79.50000,-0.50000,9056,False,0,48953,4253,-1.70310,0.41086,-1.70310,0.41086,0
2,1,1,80.00000,1.38919,7.87846,0,True,70.00000,79.50000,-0.50000,9056,False,0,48969,4269,-1.74012,0.34923,-1.74012,0.34923,0
2,1,1,80.00000,1.38919,7.87846,0,True,70.00000,79.50000,-0.50000,9056,False,0,48986,4286,-1.75863,0.30814,-1.75863,0.30814,0
2,1,1,80.00000,1.38919,7.87846,0,True,70.00000,79.50000,-0.50000,9056,False,0,49003,4303,-1.79565,0.24652,-1.79565,0.24652,0
2,1,1,80.00000,1.38919,7.87846,0,True,70.00000,79.50000,-0.50000,9056,False,0,49019,4319,-1.81417,0.18489,-1.81417,0.18489,0
2,1,1,80.00000,1.38919,7.87846,0,True,70.00000,79.50000,-0.50000,9056,False,0,49036,4336,-1.85119,0.10271,-1.85119,0.10271,0
2,1,1,80.00000,1.38919,7.87846,0,True,70.00000,79.50000,-0.50000,9056,False,0,49053,4353,-1.88821,0.06163,-1.88821,0.06163,0
2,1,1,80.00000,1.38919,7.87846,0,True,70.00000,79.50000,-0.50000,9056,False,0,49070,4370,-1.90673,0.02054,-1.90673,0.02054,0
2,1,1,80.00000,1.38919,7.87846,0,True,70.00000,79.50000,-0.50000,9056,False,0,49086,4386,-1.92524,-0.04109,-1.92524,-0.04109,0
2,1,1,80.00000,1.38919,7.87846,0,True,70.00000,79.50000,-0.50000,9056,False,0,49103,4403,-1.96226,-0.10271,-1.96226,-0.10271,0
2,1,1,80.00000,1.38919,7.87846,0,True,70.00000,79.50000,-0.50000,9056,False,0,49120,4420,-1.98077,-0.16434,-1.98077,-0.16434,0
2,1,1,80.00000,1.38919,7.87846,0,True,70.00000,79.50000,-0.50000,9056,False,0,49136,4436,-2.03631,-0.24652,-2.03631,-0.24652,0
2,1,1,80.00000,1.38919,7.87846,0,True,70.00000,79.50000,-0.50000,9056,False,0,49153,4453,-2.05482,-0.30814,-2.05482,-0.30814,0
2,1,1,80.00000,1.38919,7.87846,0,True,70.00000,79.50000,-0.50000,9056,False,0,49170,4470,-2.09185,-0.34923,-2.09185,-0.34923,0
2,1,1,80.00000,1.38919,7.87846,0,True,70.00000,79.50000,-0.50000,9056,False,0,49186,4486,-2.11036,-0.39032,-2.11036,-0.39032,0
2,1,1,80.00000,1.38919,7.87846,0,True,70.00000,79.50000,-0.50000,9056,False,0,49203,4503,-2.12887,-0.43140,-2.12887,-0.43140,0
2,1,1,80.00000,1.38919,7.87846,0,True,70.00000,79.50000,-0.50000,9056,False,0,49220,4520,-2.16589,-0.49303,-2.16589,-0.49303,0
2,1,1,80.00000,1.38919,7.87846,0,True,70.00000,79.50000,-0.50000,9056,False,0,49236,4536,-2.20292,-0.53412,-2.20292,-0.53412,0
2,1,1,80.00000,1.38919,7.87846,0,True,70.00000,79.50000,-0.50000,9056,False,0,49253,4553,-2.22143,-0.59575,-2.22143,-0.59575,0
2,1,1,80.00000,1.38919,7.87846,0,True,70.00000,79.50000,-0.50000,9056,False,0,49270,4570,-2.23994,-0.65737,-2.23994,-0.65737,0
2,1,1,80.00000,1.38919,7.87846,0,True,70.00000,79.50000,-0.50000,9056,False,0,49286,4586,-2.25845,-0.71900,-2.25845,-0.71900,0
2,1,1,80.00000,1.38919,7.87846,0,True,70.00000,79.50000,-0.50000,9056,False,0,49303,4603,-2.25845,-0.76009,-2.25845,-0.76009,0
2,1,1,80.00000,1.38919,7.87846,0,True,70.00000,79.50000,-0.50000,9056,False,0,49320,4620,-2.25845,-0.80118,-2.25845,-0.80118,0
2,1,1,80.00000,1.38919,7.87846,0,True,70.00000,79.50000,-0.50000,9056,False,0,49336,4636,-2.25845,-0.84226,-2.25845,-0.84226,0
2,1,1,80.00000,1.38919,7.87846,0,True,70.00000,79.50000,-0.50000,9056,False,0,49353,4653,-2.25845,-0.86280,-2.25845,-0.86280,0
2,1,1,80.00000,1.38919,7.87846,0,True,70.00000,79.50000,-0.50000,9056,False,0,49370,4670,-2.25845,-0.88335,-2.25845,-0.88335,0
2,1,1,80.00000,1.38919,7.87846,0,True,70.00000,79.50000,-0.50000,9056,False,0,49386,4686,-2.25845,-0.94498,-2.25845,-0.94498,0
2,1,1,80.00000,1.38919,7.87846,0,True,70.00000,79.50000,-0.50000,9056,False,0,49403,4703,-2.27696,-1.00661,-2.27696,-1.00661,0
2,1,1,80.00000,1.38919,7.87846,0,True,70.00000,79.50000,-0.50000,9056,False,0,49420,4720,-2.27696,-1.04769,-2.27696,-1.04769,0
2,1,1,80.00000,1.38919,7.87846,0,True,70.00000,79.50000,-0.50000,9056,False,0,49436,4736,-2.27696,-1.06823,-2.27696,-1.06823,0
2,1,1,80.00000,1.38919,7.87846,0,True,70.00000,79.50000,-0.50000,9056,False,0,49453,4753,-2.27696,-1.06823,-2.27696,-1.06823,0
2,1,1,80.00000,1.38919,7.87846,0,True,70.00000,79.50000,-0.50000,9056,False,0,49470,4770,-2.27696,-1.06823,-2.27696,-1.06823,0
2,1,1,80.00000,1.38919,7.87846,0,True,70.00000,79.50000,-0.50000,9056,False,0,49486,4786,-2.27696,-1.06823,-2.27696,-1.06823,0
2,1,1,80.00000,1.38919,7.87846,0,True,70.00000,79.50000,-0.50000,9056,False,0,49503,4803,-2.25845,-1.02715,-2.25845,-1.02715,0
2,1,1,80.00000,1.38919,7.87846,0,True,70.00000,79.50000,-0.50000,9056,False,0,49520,4820,-2.22143,-0.92443,-2.22143,-0.92443,0
2,1,1,80.00000,1.38919,7.87846,0,True,70.00000,79.50000,-0.50000,9056,False,0,49537,4837,-2.16589,-0.80118,-2.16589,-0.80118,0
2,1,1,80.00000,1.38919,7.87846,0,True,70.00000,79.50000,-0.50000,9056,False,0,49553,4853,-2.09185,-0.63683,-2.09185,-0.63683,0
2,1,1,80.00000,1.38919,7.87846,0,True,70.00000,79.50000,-0.50000,9056,False,0,49570,4870,-2.03631,-0.51357,-2.03631,-0.51357,0
2,1,1,80.00000,1.38919,7.87846,0,True,70.00000,79.50000,-0.50000,9056,False,0,49587,4887,-1.99929,-0.41086,-1.99929,-0.41086,0
2,1,1,80.00000,1.38919,7.87846,0,True,70.00000,79.50000,-0.50000,9056,False,0,49603,4903,-1.96226,-0.24652,-1.96226,-0.24652,0
2,1,1,80.00000,1.38919,7.87846,0,True,70.00000,79.50000,-0.50000,9056,False,0,49620,4920,-1.94375,-0.12326,-1.94375,-0.12326,0
2,1,1,80.00000,1.38919,7.87846,0,True,70.00000,79.50000,-0.50000,9056,False,0,49637,4937,-1.90673,0.02054,-1.90673,0.02054,0
2,1,1,80.00000,1.38919,7.87846,0,True,70.00000,79.50000,-0.50000,9056,False,0,49653,4953,-1.88821,0.14380,-1.88821,0.14380,0
2,1,1,80.00000,1.38919,7.87846,0,True,70.00000,79.50000,-0.50000,9056,False,0,49670,4970,-1.85119,0.28760,-1.85119,0.28760,0
2,1,1,80.00000,1.38919,7.87846,0,True,70.00000,79.50000,-0.50000,9056,False,0,49687,4987,-1.83268,0.39032,-1.83268,0.39032,0
2,1,1,80.00000,1.38919,7.87846,0,True,70.00000,79.50000,-0.50000,9056,False,0,49703,5003,-1.81417,0.53412,-1.81417,0.53412,0
2,1,1,80.00000,1.38919,7.87846,0,True,70.00000,79.50000,-0.50000,9056,False,0,49720,5020,-1.79565,0.63683,-1.79565,0.63683,0
2,1,1,80.00000,1.38919,7.87846,0,True,70.00000,79.50000,-0.50000,9056,False,0,49737,5037,-1.77714,0.71900,-1.77714,0.71900,0
2,1,1,80.00000,1.38919,7.87846,0,True,70.00000,79.50000,-0.50000,9056,False,0,49753,5053,-1.74012,0.84226,-1.74012,0.84226,0
2,1,1,80.00000,1.38919,7.87846,0,True,70.00000,79.50000,-0.50000,9056,False,0,49770,5070,-1.72161,0.92443,-1.72161,0.92443,0
2,1,1,80.00000,1.38919,7.87846,0,True,70.00000,79.50000,-0.50000,9056,False,0,49787,5087,-1.68458,1.02715,-1.68458,1.02715,0
2,1,1,80.00000,1.38919,7.87846,0,True,70.00000,79.50000,-0.50000,9056,False,0,49803,5103,-1.66607,1.08878,-1.66607,1.08878,0
2,1,1,80.00000,1.38919,7.87846,0,True,70.00000,79.50000,-0.50000,9056,False,0,49820,5120,-1.64756,1.15041,-1.64756,1.15041,0
2,1,1,80.00000,1.38919,7.87846,0,True,70.00000,79.50000,-0.50000,9056,False,0,49837,5137,-1.64756,1.19149,-1.64756,1.19149,0
2,1,1,80.00000,1.38919,7.87846,0,True,70.00000,79.50000,-0.50000,9056,False,0,49853,5153,-1.61054,1.27366,-1.61054,1.27366,0
2,1,1,80.00000,1.38919,7.87846,0,True,70.00000,79.50000,-0.50000,9056,False,0,49870,5170,-1.59202,1.33529,-1.59202,1.33529,0
2,1,1,80.00000,1.38919,7.87846,0,True,70.00000,79.50000,-0.50000,9056,False,0,49887,5187,-1.57351,1.39692,-1.57351,1.39692,0
2,1,1,80.00000,1.38919,7.87846,0,True,70.00000,79.50000,-0.50000,9056,False,0,49903,5203,-1.57351,1.45855,-1.57351,1.45855,0
2,1,1,80.00000,1.38919,7.87846,0,True,70.00000,79.50000,-0.50000,9056,False,0,49920,5220,-1.55500,1.52018,-1.55500,1.52018,0
2,1,1,80.00000,1.38919,7.87846,0,True,70.00000,79.50000,-0.50000,9056,False,0,49937,5237,-1.53649,1.60235,-1.53649,1.60235,0
2,1,1,80.00000,1.38919,7.87846,0,True,70.00000,79.50000,-0.50000,9056,False,0,49954,5254,-1.49946,1.66398,-1.49946,1.66398,0
2,1,1,80.00000,1.38919,7.87846,0,True,70.00000,79.50000,-0.50000,9056,False,0,49970,5270,-1.46244,1.74615,-1.46244,1.74615,0
2,1,1,80.00000,1.38919,7.87846,0,True,70.00000,79.50000,-0.50000,9056,False,0,49987,5287,-1.44393,1.80778,-1.44393,1.80778,0
2,1,1,80.00000,1.38919,7.87846,0,True,70.00000,79.50000,-0.50000,9056,False,0,50004,5304,-1.40690,1.88995,-1.40690,1.88995,0
2,1,1,80.00000,1.38919,7.87846,0,True,70.00000,79.50000,-0.50000,9056,False,0,50020,5320,-1.36988,1.99267,-1.36988,1.99267,0
2,1,1,80.00000,1.38919,7.87846,0,True,70.00000,79.50000,-0.50000,9056,False,0,50037,5337,-1.33286,2.05430,-1.33286,2.05430,0
2,1,1,80.00000,1.38919,7.87846,0,True,70.00000,79.50000,-0.50000,9056,False,0,50054,5354,-1.29583,2.13647,-1.29583,2.13647,0
2,1,1,80.00000,1.38919,7.87846,0,True,70.00000,79.50000,-0.50000,9056,False,0,50070,5370,-1.24030,2.21864,-1.24030,2.21864,0
2,1,1,80.00000,1.38919,7.87846,0,True,70.00000,79.50000,-0.50000,9056,False,0,50087,5387,-1.18476,2.32135,-1.18476,2.32135,0
2,1,1,80.00000,1.38919,7.87846,0,True,70.00000,79.50000,-0.50000,9056,False,0,50104,5404,-1.14774,2.40353,-1.14774,2.40353,0
2,1,1,80.00000,1.38919,7.87846,0,True,70.00000,79.50000,-0.50000,9056,False,0,50120,5420,-1.09220,2.50624,-1.09220,2.50624,0
2,1,1,80.00000,1.38919,7.87846,0,True,70.00000,79.50000,-0.50000,9056,False,0,50137,5437,-1.03667,2.56787,-1.03667,2.56787,0
2,1,1,80.00000,1.38919,7.87846,0,True,70.00000,79.50000,-0.50000,9056,False,0,50154,5454,-1.01815,2.60896,-1.01815,2.60896,0
2,1,1,80.00000,1.38919,7.87846,0,True,70.00000,79.50000,-0.50000,9056,False,0,50170,5470,-0.98113,2.67059,-0.98113,2.67059,0
2,1,1,80.00000,1.38919,7.87846,0,True,70.00000,79.50000,-0.50000,9056,False,0,50187,5487,-0.94411,2.71167,-0.94411,2.71167,0
2,1,1,80.00000,1.38919,7.87846,0,True,70.00000,79.50000,-0.50000,9056,False,0,50204,5504,-0.90708,2.75276,-0.90708,2.75276,0
2,1,1,80.00000,1.38919,7.87846,0,True,70.00000,79.50000,-0.50000,9056,False,0,50220,5520,-0.88857,2.79384,-0.88857,2.79384,0
2,1,1,80.00000,1.38919,7.87846,0,True,70.00000,79.50000,-0.50000,9056,False,0,50237,5537,-0.87006,2.83493,-0.87006,2.83493,0
2,1,1,80.00000,1.38919,7.87846,0,True,70.00000,79.50000,-0.50000,9056,False,0,50254,5554,-0.85155,2.85547,-0.85155,2.85547,0
2,1,1,80.00000,1.38919,7.87846,0,True,70.00000,79.50000,-0.50000,9056,False,0,50270,5570,-0.85155,2.87601,-0.85155,2.87601,0
2,1,1,80.00000,1.38919,7.87846,0,True,70.00000,79.50000,-0.50000,9056,False,0,50287,5587,-0.85155,2.87601,-0.85155,2.87601,0
2,1,1,80.00000,1.38919,7.87846,0,True,70.00000,79.50000,-0.50000,9056,False,0,50304,5604,-0.85155,2.89656,-0.85155,2.89656,0
2,1,1,80.00000,1.38919,7.87846,0,True,70.00000,79.50000,-0.50000,9056,False,0,50320,5620,-0.85155,2.89656,-0.85155,2.89656,0
2,1,1,80.00000,1.38919,7.87846,0,True,70.00000,79.50000,-0.50000,9056,False,0,50337,5637,-0.85155,2.89656,-0.85155,2.89656,0
2,1,1,80.00000,1.38919,7.87846,0,True,70.00000,79.50000,-0.50000,9056,False,0,50354,5654,-0.85155,2.89656,-0.85155,2.89656,0
2,1,1,80.00000,1.38919,7.87846,0,True,70.00000,79.50000,-0.50000,9056,False,0,50371,5671,-0.85155,2.89656,-0.85155,2.89656,0
2,1,1,80.00000,1.38919,7.87846,0,True,70.00000,79.50000,-0.50000,9056,False,0,50387,5687,-0.85155,2.89656,-0.85155,2.89656,0
2,1,1,80.00000,1.38919,7.87846,0,True,70.00000,79.50000,-0.50000,9056,False,0,50404,5704,-0.85155,2.87601,-0.85155,2.87601,0
2,1,1,80.00000,1.38919,7.87846,0,True,70.00000,79.50000,-0.50000,9056,False,0,50420,5720,-0.85155,2.87601,-0.85155,2.87601,0
2,1,1,80.00000,1.38919,7.87846,0,True,70.00000,79.50000,-0.50000,9056,False,0,50437,5737,-0.85155,2.87601,-0.85155,2.87601,0
2,1,1,80.00000,1.38919,7.87846,0,True,70.00000,79.50000,-0.50000,9056,False,0,50454,5754,-0.85155,2.83493,-0.85155,2.83493,0
2,1,1,80.00000,1.38919,7.87846,0,True,70.00000,79.50000,-0.50000,9056,False,0,50471,5771,-0.87006,2.79384,-0.87006,2.79384,0
2,1,1,80.00000,1.38919,7.87846,0,True,70.00000,79.50000,-0.50000,9056,False,0,50487,5787,-0.90708,2.73221,-0.90708,2.73221,0
2,1,1,80.00000,1.38919,7.87846,0,True,70.00000,79.50000,-0.50000,9056,False,0,50504,5804,-0.98113,2.62950,-0.98113,2.62950,0
2,1,1,80.00000,1.38919,7.87846,0,True,70.00000,79.50000,-0.50000,9056,False,0,50521,5821,-1.03667,2.54733,-1.03667,2.54733,0
2,1,1,80.00000,1.38919,7.87846,0,True,70.00000,79.50000,-0.50000,9056,False,0,50537,5837,-1.09220,2.48570,-1.09220,2.48570,0
2,1,1,80.00000,1.38919,7.87846,0,True,70.00000,79.50000,-0.50000,9056,False,0,50554,5854,-1.14774,2.38298,-1.14774,2.38298,0
2,1,1,80.00000,1.38919,7.87846,0,True,70.00000,79.50000,-0.50000,9056,False,0,50571,5871,-1.18476,2.32135,-1.18476,2.32135,0
2,1,1,80.00000,1.38919,7.87846,0,True,70.00000,79.50000,-0.50000,9056,False,0,50587,5887,-1.25881,2.21864,-1.25881,2.21864,0
2,1,1,80.00000,1.38919,7.87846,0,True,70.00000,79.50000,-0.50000,9056,False,0,50604,5904,-1.31435,2.13647,-1.31435,2.13647,0
2,1,1,80.00000,1.38919,7.87846,0,True,70.00000,79.50000,-0.50000,9056,False,0,50621,5921,-1.36988,2.07484,-1.36988,2.07484,0
2,1,1,80.00000,1.38919,7.87846,0,True,70.00000,79.50000,-0.50000,9056,False,0,50637,5937,-1.44393,1.99267,-1.44393,1.99267,0
2,1,1,80.00000,1.38919,7.87846,0,True,70.00000,79.50000,-0.50000,9056,False,0,50654,5954,-1.57351,1.84887,-1.57351,1.84887,0
2,1,1,80.00000,1.38919,7.87846,0,True,70.00000,79.50000,-0.50000,9056,False,0,50671,5971,-1.66607,1.74615,-1.66607,1.74615,0
2,1,1,80.00000,1.38919,7.87846,0,True,70.00000,79.50000,-0.50000,9056,False,0,50687,5987,-1.79565,1.62289,-1.79565,1.62289,0
2,1,1,80.00000,1.38919,7.87846,0,True,70.00000,79.50000,-0.50000,9056,False,0,50704,6004,-1.86970,1.54072,-1.86970,1.54072,0
2,1,1,80.00000,1.38919,7.87846,0,True,70.00000,79.50000,-0.50000,9056,False,0,50721,6021,-1.92524,1.47909,-1.92524,1.47909,0
2,1,1,80.00000,1.38919,7.87846,0,True,70.00000,79.50000,-0.50000,9056,False,0,50737,6037,-1.98077,1.39692,-1.98077,1.39692,0
2,1,1,80.00000,1.38919,7.87846,0,True,70.00000,79.50000,-0.50000,9056,False,0,50754,6054,-1.99929,1.33529,-1.99929,1.33529,0
2,1,1,80.00000,1.38919,7.87846,0,True,70.00000,79.50000,-0.50000,9056,False,0,50771,6071,-2.05482,1.27366,-2.05482,1.27366,0
2,1,1,80.00000,1.38919,7.87846,0,True,70.00000,79.50000,-0.50000,9056,False,0,50787,6087,-2.09185,1.19149,-2.09185,1.19149,0
2,1,1,80.00000,1.38919,7.87846,0,True,70.00000,79.50000,-0.50000,9056,False,0,50804,6104,-2.14738,1.08878,-2.14738,1.08878,0
2,1,1,80.00000,1.38919,7.87846,0,True,70.00000,79.50000,-0.50000,9056,False,0,50821,6121,-2.18440,1.02715,-2.18440,1.02715,0
2,1,1,80.00000,1.38919,7.87846,0,True,70.00000,79.50000,-0.50000,9056,False,0,50837,6137,-2.23994,0.94498,-2.23994,0.94498,0
2,1,1,80.00000,1.38919,7.87846,0,True,70.00000,79.50000,-0.50000,9056,False,0,50854,6154,-2.25845,0.88335,-2.25845,0.88335,0
2,1,1,80.00000,1.38919,7.87846,0,True,70.00000,79.50000,-0.50000,9056,False,0,50871,6171,-2.27696,0.88335,-2.27696,0.88335,0
2,1,1,80.00000,1.38919,7.87846,0,True,70.00000,79.50000,-0.50000,9056,False,0,50888,6188,-2.27696,0.86280,-2.27696,0.86280,0
2,1,1,80.00000,1.38919,7.87846,0,True,70.00000,79.50000,-0.50000,9056,False,0,50904,6204,-2.27696,0.84226,-2.27696,0.84226,0
2,1,1,80.00000,1.38919,7.87846,0,True,70.00000,79.50000,-0.50000,9056,False,0,50921,6221,-2.27696,0.82172,-2.27696,0.82172,0
2,1,1,80.00000,1.38919,7.87846,0,True,70.00000,79.50000,-0.50000,9056,False,0,50938,6238,-2.27696,0.80118,-2.27696,0.80118,0
2,1,1,80.00000,1.38919,7.87846,0,True,70.00000,79.50000,-0.50000,9056,False,0,50954,6254,-2.27696,0.76009,-2.27696,0.76009,0
2,1,1,80.00000,1.38919,7.87846,0,True,70.00000,79.50000,-0.50000,9056,False,0,50971,6271,-2.29548,0.71900,-2.29548,0.71900,0
2,1,1,80.00000,1.38919,7.87846,0,True,70.00000,79.50000,-0.50000,9056,False,0,50988,6288,-2.29548,0.67792,-2.29548,0.67792,0
2,1,1,80.00000,1.38919,7.87846,0,True,70.00000,79.50000,-0.50000,9056,False,0,51004,6304,-2.29548,0.61629,-2.29548,0.61629,0
2,1,1,80.00000,1.38919,7.87846,0,True,70.00000,79.50000,-0.50000,9056,False,0,51021,6321,-2.31399,0.55466,-2.31399,0.55466,0
2,1,1,80.00000,1.38919,7.87846,0,True,70.00000,79.50000,-0.50000,9056,False,0,51038,6338,-2.31399,0.51357,-2.31399,0.51357,0
2,1,1,80.00000,1.38919,7.87846,0,True,70.00000,79.50000,-0.50000,9056,False,0,51054,6354,-2.31399,0.47249,-2.31399,0.47249,0
2,1,1,80.00000,1.38919,7.87846,0,True,70.00000,79.50000,-0.50000,9056,False,0,51071,6371,-2.31399,0.41086,-2.31399,0.41086,0
2,1,1,80.00000,1.38919,7.87846,0,True,70.00000,79.50000,-0.50000,9056,False,0,51088,6388,-2.29548,0.36977,-2.29548,0.36977,0
2,1,1,80.00000,1.38919,7.87846,0,True,70.00000,79.50000,-0.50000,9056,False,0,51104,6404,-2.29548,0.34923,-2.29548,0.34923,0
2,1,1,80.00000,1.38919,7.87846,0,True,70.00000,79.50000,-0.50000,9056,False,0,51121,6421,-2.27696,0.30814,-2.27696,0.30814,0
2,1,1,80.00000,1.38919,7.87846,0,True,70.00000,79.50000,-0.50000,9056,False,0,51138,6438,-2.27696,0.24652,-2.27696,0.24652,0
2,1,1,80.00000,1.38919,7.87846,0,True,70.00000,79.50000,-0.50000,9056,False,0,51154,6454,-2.23994,0.18489,-2.23994,0.18489,0
2,1,1,80.00000,1.38919,7.87846,0,True,70.00000,79.50000,-0.50000,9056,False,0,51171,6471,-2.23994,0.14380,-2.23994,0.14380,0
2,1,1,80.00000,1.38919,7.87846,0,True,70.00000,79.50000,-0.50000,9056,False,0,51188,6488,-2.22143,0.08217,-2.22143,0.08217,0
2,1,1,80.00000,1.38919,7.87846,0,True,70.00000,79.50000,-0.50000,9056,False,0,51204,6504,-2.18440,0.04109,-2.18440,0.04109,0
2,1,1,80.00000,1.38919,7.87846,0,True,70.00000,79.50000,-0.50000,9056,False,0,51221,6521,-2.16589,0.00000,-2.16589,0.00000,0
2,1,1,80.00000,1.38919,7.87846,0,True,70.00000,79.50000,-0.50000,9056,False,0,51238,6538,-2.12887,-0.04109,-2.12887,-0.04109,0
2,1,1,80.00000,1.38919,7.87846,0,True,70.00000,79.50000,-0.50000,9056,False,0,51255,6555,-2.09185,-0.08217,-2.09185,-0.08217,0
2,1,1,80.00000,1.38919,7.87846,0,True,70.00000,79.50000,-0.50000,9056,False,0,51271,6571,-2.07333,-0.10271,-2.07333,-0.10271,0
2,1,1,80.00000,1.38919,7.87846,0,True,70.00000,79.50000,-0.50000,9056,False,0,51288,6588,-2.03631,-0.12326,-2.03631,-0.12326,0
2,1,1,80.00000,1.38919,7.87846,0,True,70.00000,79.50000,-0.50000,9056,False,0,51304,6604,-1.99929,-0.16434,-1.99929,-0.16434,0
2,1,1,80.00000,1.38919,7.87846,0,True,70.00000,79.50000,-0.50000,9056,False,0,51321,6621,-1.96226,-0.20543,-1.96226,-0.20543,0
2,1,1,80.00000,1.38919,7.87846,0,True,70.00000,79.50000,-0.50000,9056,False,0,51338,6638,-1.90673,-0.24652,-1.90673,-0.24652,0
2,1,1,80.00000,1.38919,7.87846,0,True,70.00000,79.50000,-0.50000,9056,False,0,51355,6655,-1.86970,-0.28760,-1.86970,-0.28760,0
2,1,1,80.00000,1.38919,7.87846,0,True,70.00000,79.50000,-0.50000,9056,False,0,51371,6671,-1.85119,-0.30814,-1.85119,-0.30814,0
2,1,1,80.00000,1.38919,7.87846,0,True,70.00000,79.50000,-0.50000,9056,False,0,51388,6688,-1.79565,-0.34923,-1.79565,-0.34923,0
2,1,1,80.00000,1.38919,7.87846,0,True,70.00000,79.50000,-0.50000,9056,False,0,51405,6705,-1.75863,-0.39032,-1.75863,-0.39032,0
2,1,1,80.00000,1.38919,7.87846,0,True,70.00000,79.50000,-0.50000,9056,False,0,51421,6721,-1.70310,-0.43140,-1.70310,-0.43140,0
2,1,1,80.00000,1.38919,7.87846,0,True,70.00000,79.50000,-0.50000,9056,False,0,51438,6738,-1.66607,-0.47249,-1.66607,-0.47249,0
2,1,1,80.00000,1.38919,7.87846,0,True,70.00000,79.50000,-0.50000,9056,False,0,51455,6755,-1.61054,-0.51357,-1.61054,-0.51357,0
2,1,1,80.00000,1.38919,7.87846,0,True,70.00000,79.50000,-0.50000,9056,False,0,51471,6771,-1.57351,-0.55466,-1.57351,-0.55466,0
2,1,1,80.00000,1.38919,7.87846,0,True,70.00000,79.50000,-0.50000,9056,False,0,51488,6788,-1.53649,-0.61629,-1.53649,-0.61629,0
2,1,1,80.00000,1.38919,7.87846,0,True,70.00000,79.50000,-0.50000,9056,False,0,51505,6805,-1.49946,-0.67792,-1.49946,-0.67792,0
2,1,1,80.00000,1.38919,7.87846,0,True,70.00000,79.50000,-0.50000,9056,False,0,51522,6822,-1.48095,-0.71900,-1.48095,-0.71900,0
2,1,1,80.00000,1.38919,7.87846,0,True,70.00000,79.50000,-0.50000,9056,False,0,51538,6838,-1.44393,-0.76009,-1.44393,-0.76009,0
2,1,1,80.00000,1.38919,7.87846,0,True,70.00000,79.50000,-0.50000,9056,False,0,51555,6855,-1.42542,-0.80118,-1.42542,-0.80118,0
2,1,1,80.00000,1.38919,7.87846,0,True,70.00000,79.50000,-0.50000,9056,False,0,51571,6871,-1.38839,-0.86280,-1.38839,-0.86280,0
2,1,1,80.00000,1.38919,7.87846,0,True,70.00000,79.50000,-0.50000,9056,False,0,51588,6888,-1.36988,-0.88335,-1.36988,-0.88335,0
2,1,1,80.00000,1.38919,7.87846,0,True,70.00000,79.50000,-0.50000,9056,False,0,51605,6905,-1.35137,-0.92443,-1.35137,-0.92443,0
2,1,1,80.00000,1.38919,7.87846,0,True,70.00000,79.50000,-0.50000,9056,False,0,51621,6921,-1.33286,-0.96552,-1.33286,-0.96552,0
2,1,1,80.00000,1.38919,7.87846,0,True,70.00000,79.50000,-0.50000,9056,False,0,51638,6938,-1.31435,-1.00661,-1.31435,-1.00661,0
2,1,1,80.00000,1.38919,7.87846,0,True,70.00000,79.50000,-0.50000,9056,False,0,51655,6955,-1.31435,-1.04769,-1.31435,-1.04769,0
2,1,1,80.00000,1.38919,7.87846,0,True,70.00000,79.50000,-0.50000,9056,False,0,51671,6971,-1.31435,-1.06823,-1.31435,-1.06823,0
2,1,1,80.00000,1.38919,7.87846,0,True,70.00000,79.50000,-0.50000,9056,False,0,51688,6988,-1.29583,-1.10932,-1.29583,-1.10932,0
2,1,1,80.00000,1.38919,7.87846,0,True,70.00000,79.50000,-0.50000,9056,False,0,51705,7005,-1.27732,-1.15041,-1.27732,-1.15041,0
2,1,1,80.00000,1.38919,7.87846,0,True,70.00000,79.50000,-0.50000,9056,False,0,51722,7022,-1.27732,-1.19149,-1.27732,-1.19149,0
2,1,1,80.00000,1.38919,7.87846,0,True,70.00000,79.50000,-0.50000,9056,False,0,51738,7038,-1.25881,-1.21203,-1.25881,-1.21203,0
2,1,1,80.00000,1.38919,7.87846,0,True,70.00000,79.50000,-0.50000,9056,False,0,51755,7055,-1.25881,-1.25312,-1.25881,-1.25312,0
2,1,1,80.00000,1.38919,7.87846,0,True,70.00000,79.50000,-0.50000,9056,False,0,51772,7072,-1.24030,-1.27366,-1.24030,-1.27366,0
2,1,1,80.00000,1.38919,7.87846,0,True,70.00000,79.50000,-0.50000,9056,False,0,51788,7088,-1.24030,-1.31475,-1.24030,-1.31475,0
2,1,1,80.00000,1.38919,7.87846,0,True,70.00000,79.50000,-0.50000,9056,False,0,51805,7105,-1.22179,-1.37638,-1.22179,-1.37638,0
2,1,1,80.00000,1.38919,7.87846,0,True,70.00000,79.50000,-0.50000,9056,False,0,51822,7122,-1.20327,-1.39692,-1.20327,-1.39692,0
2,1,1,80.00000,1.38919,7.87846,0,True,70.00000,79.50000,-0.50000,9056,False,0,51838,7138,-1.20327,-1.43801,-1.20327,-1.43801,0
2,1,1,80.00000,1.38919,7.87846,0,True,70.00000,79.50000,-0.50000,9056,False,0,51855,7155,-1.18476,-1.47909,-1.18476,-1.47909,0
2,1,1,80.00000,1.38919,7.87846,0,True,70.00000,79.50000,-0.50000,9056,False,0,51872,7172,-1.18476,-1.54072,-1.18476,-1.54072,0
2,1,1,80.00000,1.38919,7.87846,0,True,70.00000,79.50000,-0.50000,9056,False,0,51888,7188,-1.16625,-1.58181,-1.16625,-1.58181,0
2,1,1,80.00000,1.38919,7.87846,0,True,70.00000,79.50000,-0.50000,9056,False,0,51905,7205,-1.14774,-1.64344,-1.14774,-1.64344,0
2,1,1,80.00000,1.38919,7.87846,0,True,70.00000,79.50000,-0.50000,9056,False,0,51922,7222,-1.14774,-1.70507,-1.14774,-1.70507,0
2,1,1,80.00000,1.38919,7.87846,0,True,70.00000,79.50000,-0.50000,9056,False,0,51938,7238,-1.12923,-1.74615,-1.12923,-1.74615,0
2,1,1,80.00000,1.38919,7.87846,0,True,70.00000,79.50000,-0.50000,9056,False,0,51955,7255,-1.12923,-1.78724,-1.12923,-1.78724,0
2,1,1,80.00000,1.38919,7.87846,0,True,70.00000,79.50000,-0.50000,9056,False,0,51972,7272,-1.11071,-1.82832,-1.11071,-1.82832,0
2,1,1,80.00000,1.38919,7.87846,0,True,70.00000,79.50000,-0.50000,9056,False,0,51988,7288,-1.09220,-1.86941,-1.09220,-1.86941,0
2,1,1,80.00000,1.38919,7.87846,0,True,70.00000,79.50000,-0.50000,9056,False,0,52005,7305,-1.07369,-1.88995,-1.07369,-1.88995,0
2,1,1,80.00000,1.38919,7.87846,0,True,70.00000,79.50000,-0.50000,9056,False,0,52022,7322,-1.05518,-1.95158,-1.05518,-1.95158,0
2,1,1,80.00000,1.38919,7.87846,0,True,70.00000,79.50000,-0.50000,9056,False,0,52038,7338,-1.05518,-1.99267,-1.05518,-1.99267,0
2,1,1,80.00000,1.38919,7.87846,0,True,70.00000,79.50000,-0.50000,9056,False,0,52055,7355,-1.03667,-2.03375,-1.03667,-2.03375,0
2,1,1,80.00000,1.38919,7.87846,0,True,70.00000,79.50000,-0.50000,9056,False,0,52072,7372,-1.01815,-2.07484,-1.01815,-2.07484,0
2,1,1,80.00000,1.38919,7.87846,0,True,70.00000,79.50000,-0.50000,9056,False,0,52088,7388,-0.98113,-2.13647,-0.98113,-2.13647,0
2,1,1,80.00000,1.38919,7.87846,0,True,70.00000,79.50000,-0.50000,9056,False,0,52105,7405,-0.96262,-2.19810,-0.96262,-2.19810,0
2,1,1,80.00000,1.38919,7.87846,0,True,70.00000,79.50000,-0.50000,9056,False,0,52122,7422,-0.94411,-2.28027,-0.94411,-2.28027,0
2,1,1,80.00000,1.38919,7.87846,0,True,70.00000,79.50000,-0.50000,9056,False,0,52138,7438,-0.90708,-2.36244,-0.90708,-2.36244,0
2,1,1,80.00000,1.38919,7.87846,0,True,70.00000,79.50000,-0.50000,9056,False,0,52155,7455,-0.88857,-2.42407,-0.88857,-2.42407,0
2,1,1,80.00000,1.38919,7.87846,0,True,70.00000,79.50000,-0.50000,9056,False,0,52172,7472,-0.87006,-2.46516,-0.87006,-2.46516,0
2,1,1,80.00000,1.38919,7.87846,0,True,70.00000,79.50000,-0.50000,9056,False,0,52188,7488,-0.85155,-2.52678,-0.85155,-2.52678,0
2,1,1,80.00000,1.38919,7.87846,0,True,70.00000,79.50000,-0.50000,9056,False,0,52205,7505,-0.83304,-2.56787,-0.83304,-2.56787,0
2,1,1,80.00000,1.38919,7.87846,0,True,70.00000,79.50000,-0.50000,9056,False,0,52222,7522,-0.83304,-2.60896,-0.83304,-2.60896,0
2,1,1,80.00000,1.38919,7.87846,0,True,70.00000,79.50000,-0.50000,9056,False,0,52239,7539,-0.81452,-2.65004,-0.81452,-2.65004,0
2,1,1,80.00000,1.38919,7.87846,0,True,70.00000,79.50000,-0.50000,9056,False,0,52255,7555,-0.79601,-2.69113,-0.79601,-2.69113,0
2,1,1,80.00000,1.38919,7.87846,0,True,70.00000,79.50000,-0.50000,9056,False,0,52272,7572,-0.77750,-2.73221,-0.77750,-2.73221,0
2,1,1,80.00000,1.38919,7.87846,0,True,70.00000,79.50000,-0.50000,9056,False,0,52289,7589,-0.75899,-2.75276,-0.75899,-2.75276,0
2,1,1,80.00000,1.38919,7.87846,0,True,70.00000,79.50000,-0.50000,9056,False,0,52305,7605,-0.75899,-2.75276,-0.75899,-2.75276,0
2,1,1,80.00000,1.38919,7.87846,0,True,70.00000,79.50000,-0.50000,9056,False,0,52322,7622,-0.74048,-2.77330,-0.74048,-2.77330,0
2,1,1,80.00000,1.38919,7.87846,0,True,70.00000,79.50000,-0.50000,9056,False,0,52338,7638,-0.72196,-2.77330,-0.72196,-2.77330,0
2,1,1,80.00000,1.38919,7.87846,0,True,70.00000,79.50000,-0.50000,9056,False,0,52355,7655,-0.70345,-2.77330,-0.70345,-2.77330,0
2,1,1,80.00000,1.38919,7.87846,0,True,70.00000,79.50000,-0.50000,9056,False,0,52372,7672,-0.68494,-2.77330,-0.68494,-2.77330,0
2,1,1,80.00000,1.38919,7.87846,0,True,70.00000,79.50000,-0.50000,9056,False,0,52389,7689,-0.61089,-2.73221,-0.61089,-2.73221,0
2,1,1,80.00000,1.38919,7.87846,0,True,70.00000,79.50000,-0.50000,9056,False,0,52405,7705,-0.53685,-2.69113,-0.53685,-2.69113,0
2,1,1,80.00000,1.38919,7.87846,0,True,70.00000,79.50000,-0.50000,9056,False,0,52422,7722,-0.44429,-2.62950,-0.44429,-2.62950,0
2,1,1,80.00000,1.38919,7.87846,0,True,70.00000,79.50000,-0.50000,9056,False,0,52439,7739,-0.31470,-2.52678,-0.31470,-2.52678,0
2,1,1,80.00000,1.38919,7.87846,0,True,70.00000,79.50000,-0.50000,9056,False,0,52455,7755,-0.20363,-2.44461,-0.20363,-2.44461,0
2,1,1,80.00000,1.38919,7.87846,0,True,70.00000,79.50000,-0.50000,9056,False,0,52472,7772,-0.07405,-2.34190,-0.07405,-2.34190,0
2,1,1,80.00000,1.38919,7.87846,0,True,70.00000,79.50000,-0.50000,9056,False,0,52489,7789,0.03702,-2.25973,0.03702,-2.25973,0
2,1,1,80.00000,1.38919,7.87846,0,True,70.00000,79.50000,-0.50000,9056,False,0,52505,7805,0.14810,-2.15701,0.14810,-2.15701,0
2,1,1,80.00000,1.38919,7.87846,0,True,70.00000,79.50000,-0.50000,9056,False,0,52522,7822,0.25917,-2.05430,0.25917,-2.05430,0
2,1,1,80.00000,1.38919,7.87846,0,True,70.00000,79.50000,-0.50000,9056,False,0,52539,7839,0.38875,-1.95158,0.38875,-1.95158,0
2,1,1,80.00000,1.38919,7.87846,0,True,70.00000,79.50000,-0.50000,9056,False,0,52555,7855,0.46280,-1.88995,0.46280,-1.88995,0
2,1,1,80.00000,1.38919,7.87846,0,True,70.00000,79.50000,-0.50000,9056,False,0,52572,7872,0.55536,-1.84887,0.55536,-1.84887,0
2,1,1,80.00000,1.38919,7.87846,0,True,70.00000,79.50000,-0.50000,9056,False,0,52589,7889,0.64792,-1.76669,0.64792,-1.76669,0
2,1,1,80.00000,1.38919,7.87846,0,True,70.00000,79.50000,-0.50000,9056,False,0,52605,7905,0.72196,-1.68452,0.72196,-1.68452,0
2,1,1,80.00000,1.38919,7.87846,0,True,70.00000,79.50000,-0.50000,9056,False,0,52622,7922,0.81452,-1.60235,0.81452,-1.60235,0
2,1,1,80.00000,1.38919,7.87846,0,True,70.00000,79.50000,-0.50000,9056,False,0,52639,7939,0.87006,-1.52018,0.87006,-1.52018,0
2,1,1,80.00000,1.38919,7.87846,0,True,70.00000,79.50000,-0.50000,9056,False,0,52655,7955,0.94411,-1.43801,0.94411,-1.43801,0
2,1,1,80.00000,1.38919,7.87846,0,True,70.00000,79.50000,-0.50000,9056,False,0,52672,7972,0.98113,-1.35584,0.98113,-1.35584,0
2,1,1,80.00000,1.38919,7.87846,0,True,70.00000,79.50000,-0.50000,9056,False,0,52689,7989,1.03667,-1.23258,1.03667,-1.23258,0
2,1,1,80.00000,1.38919,7.87846,0,True,70.00000,79.50000,-0.50000,9056,False,0,52706,8006,1.09220,-1.12986,1.09220,-1.12986,0
2,1,1,80.00000,1.38919,7.87846,0,True,70.00000,79.50000,-0.50000,9056,False,0,52722,8022,1.11071,-1.06823,1.11071,-1.06823,0
2,1,1,80.00000,1.38919,7.87846,0,True,70.00000,79.50000,-0.50000,9056,False,0,52739,8039,1.12923,-1.00661,1.12923,-1.00661,0
2,1,1,80.00000,1.38919,7.87846,0,True,70.00000,79.50000,-0.50000,9056,False,0,52756,8056,1.16625,-0.94498,1.16625,-0.94498,0
2,1,1,80.00000,1.38919,7.87846,0,True,70.00000,79.50000,-0.50000,9056,False,0,52772,8072,1.20327,-0.86280,1.20327,-0.86280,0
2,1,1,80.00000,1.38919,7.87846,0,True,70.00000,79.50000,-0.50000,9056,False,0,52789,8089,1.24030,-0.80118,1.24030,-0.80118,0
2,1,1,80.00000,1.38919,7.87846,0,True,70.00000,79.50000,-0.50000,9056,False,0,52806,8106,1.27732,-0.73955,1.27732,-0.73955,0
2,1,1,80.00000,1.38919,7.87846,0,True,70.00000,79.50000,-0.50000,9056,False,0,52822,8122,1.31435,-0.67792,1.31435,-0.67792,0
2,1,1,80.00000,1.38919,7.87846,0,True,70.00000,79.50000,-0.50000,9056,False,0,52839,8139,1.35137,-0.61629,1.35137,-0.61629,0
2,1,1,80.00000,1.38919,7.87846,0,True,70.00000,79.50000,-0.50000,9056,False,0,52856,8156,1.38839,-0.55466,1.38839,-0.55466,0
2,1,1,80.00000,1.38919,7.87846,0,True,70.00000,79.50000,-0.50000,9056,False,0,52872,8172,1.42542,-0.51357,1.42542,-0.51357,0
2,1,1,80.00000,1.38919,7.87846,0,True,70.00000,79.50000,-0.50000,9056,False,0,52889,8189,1.44393,-0.47249,1.44393,-0.47249,0
2,1,1,80.00000,1.38919,7.87846,0,True,70.00000,79.50000,-0.50000,9056,False,0,52906,8206,1.48095,-0.43140,1.48095,-0.43140,0
2,1,1,80.00000,1.38919,7.87846,0,True,70.00000,79.50000,-0.50000,9056,False,0,52922,8222,1.51798,-0.36977,1.51798,-0.36977,0
2,1,1,80.00000,1.38919,7.87846,0,True,70.00000,79.50000,-0.50000,9056,False,0,52939,8239,1.55500,-0.32869,1.55500,-0.32869,0
2,1,1,80.00000,1.38919,7.87846,0,True,70.00000,79.50000,-0.50000,9056,False,0,52956,8256,1.61054,-0.26706,1.61054,-0.26706,0
2,1,1,80.00000,1.38919,7.87846,0,True,70.00000,79.50000,-0.50000,9056,False,0,52972,8272,1.64756,-0.22597,1.64756,-0.22597,0
2,1,1,80.00000,1.38919,7.87846,0,True,70.00000,79.50000,-0.50000,9056,False,0,52989,8289,1.68458,-0.20543,1.68458,-0.20543,0
2,1,1,80.00000,1.38919,7.87846,0,True,70.00000,79.50000,-0.50000,9056,False,0,53006,8306,1.72161,-0.16434,1.72161,-0.16434,0
2,1,1,80.00000,1.38919,7.87846,0,True,70.00000,79.50000,-0.50000,9056,False,0,53023,8323,1.75863,-0.14380,1.75863,-0.14380,0
2,1,1,80.00000,1.38919,7.87846,0,True,70.00000,79.50000,-0.50000,9056,False,0,53039,8339,1.79565,-0.10271,1.79565,-0.10271,0
2,1,1,80.00000,1.38919,7.87846,0,True,70.00000,79.50000,-0.50000,9056,False,0,53056,8356,1.83268,-0.06163,1.83268,-0.06163,0
2,1,1,80.00000,1.38919,7.87846,0,True,70.00000,79.50000,-0.50000,9056,False,0,53073,8373,1.85119,-0.02054,1.85119,-0.02054,0
2,1,1,80.00000,1.38919,7.87846,0,True,70.00000,79.50000,-0.50000,9056,False,0,53089,8389,1.88821,0.00000,1.88821,0.00000,0
2,1,1,80.00000,1.38919,7.87846,0,True,70.00000,79.50000,-0.50000,9056,False,0,53106,8406,1.92524,0.04109,1.92524,0.04109,0
2,1,1,80.00000,1.38919,7.87846,0,True,70.00000,79.50000,-0.50000,9056,False,0,53123,8423,1.98077,0.06163,1.98077,0.06163,0
2,1,1,80.00000,1.38919,7.87846,0,True,70.00000,79.50000,-0.50000,9056,False,0,53139,8439,2.01780,0.08217,2.01780,0.08217,0
2,1,1,80.00000,1.38919,7.87846,0,True,70.00000,79.50000,-0.50000,9056,False,0,53156,8456,2.05482,0.10271,2.05482,0.10271,0
2,1,1,80.00000,1.38919,7.87846,0,True,70.00000,79.50000,-0.50000,9056,False,0,53173,8473,2.09185,0.14380,2.09185,0.14380,0
2,1,1,80.00000,1.38919,7.87846,0,True,70.00000,79.50000,-0.50000,9056,False,0,53189,8489,2.11036,0.16434,2.11036,0.16434,0
2,1,1,80.00000,1.38919,7.87846,0,True,70.00000,79.50000,-0.50000,9056,False,0,53206,8506,2.12887,0.16434,2.12887,0.16434,0
2,1,1,80.00000,1.38919,7.87846,0,True,70.00000,79.50000,-0.50000,9056,False,0,53223,8523,2.14738,0.18489,2.14738,0.18489,0
2,1,1,80.00000,1.38919,7.87846,0,True,70.00000,79.50000,-0.50000,9056,False,0,53239,8539,2.16589,0.18489,2.16589,0.18489,0
2,1,1,80.00000,1.38919,7.87846,0,True,70.00000,79.50000,-0.50000,9056,False,0,53256,8556,2.16589,0.18489,2.16589,0.18489,0
2,1,1,80.00000,1.38919,7.87846,0,True,70.00000,79.50000,-0.50000,9056,False,0,53273,8573,2.16589,0.18489,2.16589,0.18489,0
2,1,1,80.00000,1.38919,7.87846,0,True,70.00000,79.50000,-0.50000,9056,False,0,53289,8589,2.14738,0.18489,2.14738,0.18489,0
2,1,1,80.00000,1.38919,7.87846,0,True,70.00000,79.50000,-0.50000,9056,False,0,53306,8606,2.11036,0.16434,2.11036,0.16434,0
2,1,1,80.00000,1.38919,7.87846,0,True,70.00000,79.50000,-0.50000,9056,False,0,53322,8622,2.05482,0.14380,2.05482,0.14380,0
2,1,1,80.00000,1.38919,7.87846,0,True,70.00000,79.50000,-0.50000,9056,False,0,53339,8639,1.92524,0.10271,1.92524,0.10271,0
2,1,1,80.00000,1.38919,7.87846,0,True,70.00000,79.50000,-0.50000,9056,False,0,53356,8656,1.79565,0.04109,1.79565,0.04109,0
2,1,1,80.00000,1.38919,7.87846,0,True,70.00000,79.50000,-0.50000,9056,False,0,53372,8672,1.64756,-0.02054,1.64756,-0.02054,0
2,1,1,80.00000,1.38919,7.87846,0,True,70.00000,79.50000,-0.50000,9056,False,0,53389,8689,1.46244,-0.08217,1.46244,-0.08217,0
2,1,1,80.00000,1.38919,7.87846,0,True,70.00000,79.50000,-0.50000,9056,False,0,53406,8706,1.31435,-0.12326,1.31435,-0.12326,0
2,1,1,80.00000,1.38919,7.87846,0,True,70.00000,79.50000,-0.50000,9056,False,0,53423,8723,1.24030,-0.16434,1.24030,-0.16434,0
2,1,1,80.00000,1.38919,7.87846,0,True,70.00000,79.50000,-0.50000,9056,False,0,53439,8739,1.12923,-0.18489,1.12923,-0.18489,0
2,1,1,80.00000,1.38919,7.87846,0,True,70.00000,79.50000,-0.50000,9056,False,0,53456,8756,1.05518,-0.22597,1.05518,-0.22597,0
2,1,1,80.00000,1.38919,7.87846,0,True,70.00000,79.50000,-0.50000,9056,False,0,53473,8773,0.96262,-0.26706,0.96262,-0.26706,0
2,1,1,80.00000,1.38919,7.87846,0,True,70.00000,79.50000,-0.50000,9056,False,0,53490,8790,0.87006,-0.28760,0.87006,-0.28760,0
2,1,1,80.00000,1.38919,7.87846,0,True,70.00000,79.50000,-0.50000,9056,False,0,53506,8806,0.79601,-0.32869,0.79601,-0.32869,0
2,1,1,80.00000,1.38919,7.87846,0,True,70.00000,79.50000,-0.50000,9056,False,0,53523,8823,0.70345,-0.34923,0.70345,-0.34923,0
2,1,1,80.00000,1.38919,7.87846,0,True,70.00000,79.50000,-0.50000,9056,False,0,53540,8840,0.61089,-0.39032,0.61089,-0.39032,0
2,1,1,80.00000,1.38919,7.87846,0,True,70.00000,79.50000,-0.50000,9056,False,0,53556,8856,0.53685,-0.41086,0.53685,-0.41086,0
2,1,1,80.00000,1.38919,7.87846,0,True,70.00000,79.50000,-0.50000,9056,False,0,53573,8873,0.46280,-0.43140,0.46280,-0.43140,0
2,1,1,80.00000,1.38919,7.87846,0,True,70.00000,79.50000,-0.50000,9056,False,0,53590,8890,0.37024,-0.47249,0.37024,-0.47249,0
2,1,1,80.00000,1.38919,7.87846,0,True,70.00000,79.50000,-0.50000,9056,False,0,53606,8906,0.31470,-0.49303,0.31470,-0.49303,0
2,1,1,80.00000,1.38919,7.87846,0,True,70.00000,79.50000,-0.50000,9056,False,0,53623,8923,0.22214,-0.53412,0.22214,-0.53412,0
2,1,1,80.00000,1.38919,7.87846,0,True,70.00000,79.50000,-0.50000,9056,False,0,53640,8940,0.16661,-0.55466,0.16661,-0.55466,0
2,1,1,80.00000,1.38919,7.87846,0,True,70.00000,79.50000,-0.50000,9056,False,0,53656,8956,0.12958,-0.57520,0.12958,-0.57520,0
2,1,1,80.00000,1.38919,7.87846,0,True,70.00000,79.50000,-0.50000,9056,False,0,53673,8973,0.09256,-0.59575,0.09256,-0.59575,0
2,1,1,80.00000,1.38919,7.87846,0,True,70.00000,79.50000,-0.50000,9056,False,0,53690,8990,0.03702,-0.61629,0.03702,-0.61629,0
2,1,1,80.00000,1.38919,7.87846,0,True,70.00000,79.50000,-0.50000,9056,False,0,53706,9006,0.00000,-0.63683,0.00000,-0.63683,0
2,1,1,80.00000,1.38919,7.87846,0,True,70.00000,79.50000,-0.50000,9056,False,0,53723,9023,-0.03702,-0.65737,-0.03702,-0.65737,0
2,1,1,80.00000,1.38919,7.87846,0,True,70.00000,79.50000,-0.50000,9056,False,0,53740,9040,-0.05554,-0.65737,-0.05554,-0.65737,0
2,1,1,80.00000,1.38919,7.87846,0,True,70.00000,79.50000,-0.50000,9056,False,0,53756,9056,-0.05554,-0.65737,-0.05554,-0.65737,0
2,1,1,80.00000,1.38919,7.87846,0,True,70.00000,79.50000,-0.50000,9056,False,0,53773,9073,-0.07405,-0.65737,-0.07405,-0.65737,0
2,1,1,80.00000,1.38919,7.87846,0,True,70.00000,79.50000,-0.50000,9056,False,0,53790,9090,-0.07405,-0.65737,-0.07405,-0.65737,0
2,1,1,80.00000,1.38919,7.87846,0,True,70.00000,79.50000,-0.50000,9056,False,0,53807,9107,-0.07405,-0.65737,-0.07405,-0.65737,0
2,1,1,80.00000,1.38919,7.87846,0,True,70.00000,79.50000,-0.50000,9056,False,0,53823,9123,-0.07405,-0.65737,-0.07405,-0.65737,0
2,1,1,80.00000,1.38919,7.87846,0,True,70.00000,79.50000,-0.50000,9056,False,0,53840,9140,-0.07405,-0.65737,-0.07405,-0.65737,0
2,1,1,80.00000,1.38919,7.87846,0,True,70.00000,79.50000,-0.50000,9056,False,0,53856,9156,-0.07405,-0.65737,-0.07405,-0.65737,0
2,1,1,80.00000,1.38919,7.87846,0,True,70.00000,79.50000,-0.50000,9056,False,0,53873,9173,-0.07405,-0.65737,-0.07405,-0.65737,0
2,1,1,80.00000,1.38919,7.87846,0,True,70.00000,79.50000,-0.50000,9056,False,0,53890,9190,-0.07405,-0.63683,-0.07405,-0.63683,0
2,1,1,80.00000,1.38919,7.87846,0,True,70.00000,79.50000,-0.50000,9056,False,0,53907,9207,-0.05554,-0.61629,-0.05554,-0.61629,0
2,1,1,80.00000,1.38919,7.87846,0,True,70.00000,79.50000,-0.50000,9056,False,0,53923,9223,-0.05554,-0.59575,-0.05554,-0.59575,0
2,1,1,80.00000,1.38919,7.87846,0,True,70.00000,79.50000,-0.50000,9056,False,0,53940,9240,-0.03702,-0.57520,-0.03702,-0.57520,0
2,1,1,80.00000,1.38919,7.87846,0,True,70.00000,79.50000,-0.50000,9056,False,0,53956,9256,-0.03702,-0.53412,-0.03702,-0.53412,0
2,1,1,80.00000,1.38919,7.87846,0,True,70.00000,79.50000,-0.50000,9056,False,0,53973,9273,-0.03702,-0.51357,-0.03702,-0.51357,0
2,1,1,80.00000,1.38919,7.87846,0,True,70.00000,79.50000,-0.50000,9056,False,0,53990,9290,-0.01851,-0.51357,-0.01851,-0.51357,0
2,1,1,80.00000,1.38919,7.87846,0,True,70.00000,79.50000,-0.50000,9056,False,0,54007,9307,-0.01851,-0.49303,-0.01851,-0.49303,0
2,1,1,80.00000,1.38919,7.87846,0,True,70.00000,79.50000,-0.50000,9056,False,0,54023,9323,-0.01851,-0.49303,-0.01851,-0.49303,0
2,1,1,80.00000,1.38919,7.87846,0,True,70.00000,79.50000,-0.50000,9056,False,0,54040,9340,-0.01851,-0.47249,-0.01851,-0.47249,0
2,1,1,80.00000,1.38919,7.87846,0,True,70.00000,79.50000,-0.50000,9056,False,0,54057,9357,-0.01851,-0.47249,-0.01851,-0.47249,0
2,1,1,80.00000,1.38919,7.87846,0,True,70.00000,79.50000,-0.50000,9056,False,0,54073,9373,-0.01851,-0.45195,-0.01851,-0.45195,0
2,1,1,80.00000,1.38919,7.87846,0,True,70.00000,79.50000,-0.50000,9056,False,0,54090,9390,-0.01851,-0.43140,-0.01851,-0.43140,0
2,1,1,80.00000,1.38919,7.87846,0,True,70.00000,79.50000,-0.50000,9056,False,0,54107,9407,-0.01851,-0.41086,-0.01851,-0.41086,0
2,1,1,80.00000,1.38919,7.87846,0,True,70.00000,79.50000,-0.50000,9056,False,0,54123,9423,0.00000,-0.39032,0.00000,-0.39032,0
2,1,1,80.00000,1.38919,7.87846,0,True,70.00000,79.50000,-0.50000,9056,False,0,54140,9440,0.00000,-0.36977,0.00000,-0.36977,0
2,1,1,80.00000,1.38919,7.87846,0,True,70.00000,79.50000,-0.50000,9056,False,0,54157,9457,0.00000,-0.32869,0.00000,-0.32869,0
2,1,1,80.00000,1.38919,7.87846,0,True,70.00000,79.50000,-0.50000,9056,False,0,54173,9473,0.01851,-0.32869,0.01851,-0.32869,0
2,1,1,80.00000,1.38919,7.87846,0,True,70.00000,79.50000,-0.50000,9056,False,0,54190,9490,0.01851,-0.32869,0.01851,-0.32869,0
2,1,1,80.00000,1.38919,7.87846,0,True,70.00000,79.50000,-0.50000,9056,False,0,54207,9507,0.01851,-0.30814,0.01851,-0.30814,0
2,1,1,80.00000,1.38919,7.87846,0,True,70.00000,79.50000,-0.50000,9056,False,0,54223,9523,0.01851,-0.30814,0.01851,-0.30814,0
2,1,1,80.00000,1.38919,7.87846,0,True,70.00000,79.50000,-0.50000,9056,False,0,54240,9540,0.01851,-0.30814,0.01851,-0.30814,0
2,1,1,80.00000,1.38919,7.87846,0,True,70.00000,79.50000,-0.50000,9056,False,0,54257,9557,0.01851,-0.30814,0.01851,-0.30814,0
2,1,1,80.00000,1.38919,7.87846,0,True,70.00000,79.50000,-0.50000,9056,False,0,54273,9573,0.01851,-0.28760,0.01851,-0.28760,0
2,1,1,80.00000,1.38919,7.87846,0,True,70.00000,79.50000,-0.50000,9056,False,0,54290,9590,0.01851,-0.28760,0.01851,-0.28760,0
2,1,1,80.00000,1.38919,7.87846,0,True,70.00000,79.50000,-0.50000,9056,False,0,54307,9607,0.01851,-0.28760,0.01851,-0.28760,0
2,1,1,80.00000,1.38919,7.87846,0,True,70.00000,79.50000,-0.50000,9056,False,0,54323,9623,0.01851,-0.26706,0.01851,-0.26706,0
2,1,1,80.00000,1.38919,7.87846,0,True,70.00000,79.50000,-0.50000,9056,False,0,54340,9640,0.01851,-0.24652,0.01851,-0.24652,0
2,1,1,80.00000,1.38919,7.87846,0,True,70.00000,79.50000,-0.50000,9056,False,1,54357,9657,0.03702,-0.22597,0.03702,-0.22597,0
2,1,1,80.00000,1.38919,7.87846,0,True,70.00000,79.50000,-0.50000,9056,False,1,54373,9673,0.03702,-0.20543,0.03702,-0.20543,0
2,1,1,80.00000,1.38919,7.87846,0,True,70.00000,79.50000,-0.50000,9056,False,1,54390,9690,0.03702,-0.20543,0.03702,-0.20543,0
2,1,1,80.00000,1.38919,7.87846,0,True,70.00000,79.50000,-0.50000,9056,False,1,54407,9707,0.03702,-0.20543,0.03702,-0.20543,0
2,1,1,80.00000,1.38919,7.87846,0,True,70.00000,79.50000,-0.50000,9056,False,1,54424,9724,0.03702,-0.20543,0.03702,-0.20543,0
2,1,1,80.00000,1.38919,7.87846,0,True,70.00000,79.50000,-0.50000,9056,False,1,54440,9740,0.03702,-0.20543,0.03702,-0.20543,0
2,1,1,80.00000,1.38919,7.87846,0,True,70.00000,79.50000,-0.50000,9056,False,1,54457,9757,0.03702,-0.20543,0.03702,-0.20543,0
2,1,1,80.00000,1.38919,7.87846,0,True,70.00000,79.50000,-0.50000,9056,False,1,54474,9774,0.03702,-0.18489,0.03702,-0.18489,0
2,1,1,80.00000,1.38919,7.87846,0,True,70.00000,79.50000,-0.50000,9056,False,1,54490,9790,0.03702,-0.18489,0.03702,-0.18489,0
2,1,1,80.00000,1.38919,7.87846,0,True,70.00000,79.50000,-0.50000,9056,False,1,54507,9807,0.01851,-0.16434,0.01851,-0.16434,0
2,1,1,80.00000,1.38919,7.87846,0,True,70.00000,79.50000,-0.50000,9056,False,1,54524,9824,0.01851,-0.16434,0.01851,-0.16434,0
2,1,1,80.00000,1.38919,7.87846,0,True,70.00000,79.50000,-0.50000,9056,False,1,54540,9840,0.01851,-0.14380,0.01851,-0.14380,0
2,1,1,80.00000,1.38919,7.87846,0,True,70.00000,79.50000,-0.50000,9056,False,1,54557,9857,0.01851,-0.14380,0.01851,-0.14380,0
2,1,1,80.00000,1.38919,7.87846,0,True,70.00000,79.50000,-0.50000,9056,False,1,54574,9874,0.01851,-0.14380,0.01851,-0.14380,0
2,1,1,80.00000,1.38919,7.87846,0,True,70.00000,79.50000,-0.50000,9056,False,1,54591,9891,0.01851,-0.14380,0.01851,-0.14380,0
2,1,1,80.00000,1.38919,7.87846,0,True,70.00000,79.50000,-0.50000,9056,False,1,54607,9907,0.01851,-0.14380,0.01851,-0.14380,0
2,1,1,80.00000,1.38919,7.87846,0,True,70.00000,79.50000,-0.50000,9056,False,1,54624,9924,0.01851,-0.14380,0.01851,-0.14380,0
2,1,1,80.00000,1.38919,7.87846,0,True,70.00000,79.50000,-0.50000,9056,False,1,54640,9940,0.01851,-0.14380,0.01851,-0.14380,0
2,1,1,80.00000,1.38919,7.87846,0,True,70.00000,79.50000,-0.50000,9056,False,1,54657,9957,0.01851,-0.14380,0.01851,-0.14380,0
2,1,1,80.00000,1.38919,7.87846,0,True,70.00000,79.50000,-0.50000,9056,False,1,54674,9974,0.01851,-0.14380,0.01851,-0.14380,0
2,1,1,80.00000,1.38919,7.87846,0,True,70.00000,79.50000,-0.50000,9056,False,1,54690,9990,0.01851,-0.14380,0.01851,-0.14380,0
2,1,1,80.00000,1.38919,7.87846,0,True,70.00000,79.50000,-0.50000,9056,False,2,54707,10007,0.01851,-0.14380,0.01851,-0.14380,0
2,1,1,80.00000,1.38919,7.87846,0,True,70.00000,79.50000,-0.50000,9056,False,2,54724,10024,0.01851,-0.14380,0.01851,-0.14380,0
2,1,1,80.00000,1.38919,7.87846,0,True,70.00000,79.50000,-0.50000,9056,False,2,54740,10040,0.01851,-0.14380,0.01851,-0.14380,0
2,1,1,80.00000,1.38919,7.87846,0,True,70.00000,79.50000,-0.50000,9056,False,2,54757,10057,0.01851,-0.14380,0.01851,-0.14380,0
2,1,1,80.00000,1.38919,7.87846,0,True,70.00000,79.50000,-0.50000,9056,False,2,54774,10074,0.01851,-0.14380,0.01851,-0.14380,0
2,1,1,80.00000,1.38919,7.87846,0,True,70.00000,79.50000,-0.50000,9056,False,2,54791,10091,0.01851,-0.14380,0.01851,-0.14380,0
2,1,1,80.00000,1.38919,7.87846,0,True,70.00000,79.50000,-0.50000,9056,False,2,54807,10107,0.01851,-0.14380,0.01851,-0.14380,0
2,1,1,80.00000,1.38919,7.87846,0,True,70.00000,79.50000,-0.50000,9056,False,2,54824,10124,0.01851,-0.14380,0.01851,-0.14380,0
2,1,1,80.00000,1.38919,7.87846,0,True,70.00000,79.50000,-0.50000,9056,False,2,54840,10140,0.01851,-0.14380,0.01851,-0.14380,0
2,1,1,80.00000,1.38919,7.87846,0,True,70.00000,79.50000,-0.50000,9056,False,2,54857,10157,0.01851,-0.14380,0.01851,-0.14380,0
2,1,1,80.00000,1.38919,7.87846,0,True,70.00000,79.50000,-0.50000,9056,False,2,54874,10174,0.01851,-0.14380,0.01851,-0.14380,0
2,1,1,80.00000,1.38919,7.87846,0,True,70.00000,79.50000,-0.50000,9056,False,2,54890,10190,0.01851,-0.14380,0.01851,-0.14380,0
2,1,1,80.00000,1.38919,7.87846,0,True,70.00000,79.50000,-0.50000,9056,False,2,54907,10207,0.01851,-0.14380,0.01851,-0.14380,0
2,1,1,80.00000,1.38919,7.87846,0,True,70.00000,79.50000,-0.50000,9056,False,2,54924,10224,0.01851,-0.14380,0.01851,-0.14380,0
2,1,1,80.00000,1.38919,7.87846,0,True,70.00000,79.50000,-0.50000,9056,False,2,54941,10241,0.01851,-0.14380,0.01851,-0.14380,0
2,1,1,80.00000,1.38919,7.87846,0,True,70.00000,79.50000,-0.50000,9056,False,2,54957,10257,0.00000,-0.14380,0.00000,-0.14380,0
2,1,1,80.00000,1.38919,7.87846,0,True,70.00000,79.50000,-0.50000,9056,False,2,54974,10274,0.00000,-0.14380,0.00000,-0.14380,0
2,1,1,80.00000,1.38919,7.87846,0,True,70.00000,79.50000,-0.50000,9056,False,2,54991,10291,0.00000,-0.14380,0.00000,-0.14380,0
2,1,1,80.00000,1.38919,7.87846,0,True,70.00000,79.50000,-0.50000,9056,False,2,55007,10307,0.00000,-0.14380,0.00000,-0.14380,0
2,1,1,80.00000,1.38919,7.87846,0,True,70.00000,79.50000,-0.50000,9056,False,2,55024,10324,0.00000,-0.14380,0.00000,-0.14380,0
2,1,1,80.00000,1.38919,7.87846,0,True,70.00000,79.50000,-0.50000,9056,False,2,55041,10341,0.00000,-0.14380,0.00000,-0.14380,0
2,1,1,80.00000,1.38919,7.87846,0,True,70.00000,79.50000,-0.50000,9056,False,2,55057,10357,0.00000,-0.14380,0.00000,-0.14380,0
2,1,1,80.00000,1.38919,7.87846,0,True,70.00000,79.50000,-0.50000,9056,False,2,55074,10374,0.00000,-0.14380,0.00000,-0.14380,0
2,1,1,80.00000,1.38919,7.87846,0,True,70.00000,79.50000,-0.50000,9056,False,2,55091,10391,0.00000,-0.14380,0.00000,-0.14380,0
2,1,1,80.00000,1.38919,7.87846,0,True,70.00000,79.50000,-0.50000,9056,False,2,55107,10407,0.00000,-0.14380,0.00000,-0.14380,0
2,1,1,80.00000,1.38919,7.87846,0,True,70.00000,79.50000,-0.50000,9056,False,2,55124,10424,0.00000,-0.14380,0.00000,-0.14380,0
2,1,1,80.00000,1.38919,7.87846,0,True,70.00000,79.50000,-0.50000,9056,False,2,55141,10441,0.00000,-0.12326,0.00000,-0.12326,0
2,1,1,80.00000,1.38919,7.87846,0,True,70.00000,79.50000,-0.50000,9056,False,2,55158,10458,0.00000,-0.12326,0.00000,-0.12326,0
2,1,1,80.00000,1.38919,7.87846,0,True,70.00000,79.50000,-0.50000,9056,False,2,55174,10474,0.00000,-0.12326,0.00000,-0.12326,0
2,1,1,80.00000,1.38919,7.87846,0,True,70.00000,79.50000,-0.50000,9056,False,2,55191,10491,-0.01851,-0.10271,-0.01851,-0.10271,0
2,1,1,80.00000,1.38919,7.87846,0,True,70.00000,79.50000,-0.50000,9056,False,2,55207,10507,-0.01851,-0.10271,-0.01851,-0.10271,0
2,1,1,80.00000,1.38919,7.87846,0,True,70.00000,79.50000,-0.50000,9056,False,2,55224,10524,-0.01851,-0.10271,-0.01851,-0.10271,0
2,1,1,80.00000,1.38919,7.87846,0,True,70.00000,79.50000,-0.50000,9056,False,2,55241,10541,-0.01851,-0.08217,-0.01851,-0.08217,0
2,1,1,80.00000,1.38919,7.87846,0,True,70.00000,79.50000,-0.50000,9056,False,2,55258,10558,-0.01851,-0.06163,-0.01851,-0.06163,0
2,1,1,80.00000,1.38919,7.87846,0,True,70.00000,79.50000,-0.50000,9056,False,2,55274,10574,-0.01851,-0.04109,-0.01851,-0.04109,0
2,1,1,80.00000,1.38919,7.87846,0,True,70.00000,79.50000,-0.50000,9056,False,2,55291,10591,-0.01851,-0.04109,-0.01851,-0.04109,0
2,1,1,80.00000,1.38919,7.87846,0,True,70.00000,79.50000,-0.50000,9056,False,2,55308,10608,-0.03702,-0.02054,-0.03702,-0.02054,0
2,1,1,80.00000,1.38919,7.87846,0,True,70.00000,79.50000,-0.50000,9056,False,2,55324,10624,-0.03702,0.00000,-0.03702,0.00000,0
2,1,1,80.00000,1.38919,7.87846,0,True,70.00000,79.50000,-0.50000,9056,False,2,55341,10641,-0.03702,0.02054,-0.03702,0.02054,0
2,1,1,80.00000,1.38919,7.87846,0,True,70.00000,79.50000,-0.50000,9056,False,2,55358,10658,-0.03702,0.02054,-0.03702,0.02054,0
2,1,1,80.00000,1.38919,7.87846,0,True,70.00000,79.50000,-0.50000,9056,False,2,55374,10674,-0.03702,0.04109,-0.03702,0.04109,0
2,1,1,80.00000,1.38919,7.87846,0,True,70.00000,79.50000,-0.50000,9056,False,2,55391,10691,-0.03702,0.06163,-0.03702,0.06163,0
2,1,1,80.00000,1.38919,7.87846,0,True,70.00000,79.50000,-0.50000,9056,False,2,55408,10708,-0.03702,0.08217,-0.03702,0.08217,0
2,1,1,80.00000,1.38919,7.87846,0,True,70.00000,79.50000,-0.50000,9056,False,2,55425,10725,-0.03702,0.10271,-0.03702,0.10271,0
2,1,1,80.00000,1.38919,7.87846,0,True,70.00000,79.50000,-0.50000,9056,False,2,55441,10741,-0.03702,0.12326,-0.03702,0.12326,0
2,1,1,80.00000,1.38919,7.87846,0,True,70.00000,79.50000,-0.50000,9056,False,2,55458,10758,-0.03702,0.14380,-0.03702,0.14380,0
2,1,1,80.00000,1.38919,7.87846,0,True,70.00000,79.50000,-0.50000,9056,False,2,55474,10774,-0.03702,0.16434,-0.03702,0.16434,0
2,1,1,80.00000,1.38919,7.87846,0,True,70.00000,79.50000,-0.50000,9056,False,2,55491,10791,-0.03702,0.18489,-0.03702,0.18489,0
2,1,1,80.00000,1.38919,7.87846,0,True,70.00000,79.50000,-0.50000,9056,False,2,55508,10808,-0.03702,0.20543,-0.03702,0.20543,0
2,1,1,80.00000,1.38919,7.87846,0,True,70.00000,79.50000,-0.50000,9056,False,2,55524,10824,-0.03702,0.22597,-0.03702,0.22597,0
2,1,1,80.00000,1.38919,7.87846,0,True,70.00000,79.50000,-0.50000,9056,False,2,55541,10841,-0.01851,0.24652,-0.01851,0.24652,0
2,1,1,80.00000,1.38919,7.87846,0,True,70.00000,79.50000,-0.50000,9056,False,2,55558,10858,-0.01851,0.28760,-0.01851,0.28760,0
2,1,1,80.00000,1.38919,7.87846,0,True,70.00000,79.50000,-0.50000,9056,False,2,55575,10875,-0.01851,0.28760,-0.01851,0.28760,0
2,1,1,80.00000,1.38919,7.87846,0,True,70.00000,79.50000,-0.50000,9056,False,2,55591,10891,-0.01851,0.30814,-0.01851,0.30814,0
2,1,1,80.00000,1.38919,7.87846,0,True,70.00000,79.50000,-0.50000,9056,False,2,55608,10908,0.00000,0.34923,0.00000,0.34923,0
2,1,1,80.00000,1.38919,7.87846,0,True,70.00000,79.50000,-0.50000,9056,False,2,55624,10924,0.01851,0.36977,0.01851,0.36977,0
2,1,1,80.00000,1.38919,7.87846,0,True,70.00000,79.50000,-0.50000,9056,False,2,55641,10941,0.01851,0.41086,0.01851,0.41086,0
2,1,1,80.00000,1.38919,7.87846,0,True,70.00000,79.50000,-0.50000,9056,False,2,55658,10958,0.03702,0.45195,0.03702,0.45195,0
2,1,1,80.00000,1.38919,7.87846,0,True,70.00000,79.50000,-0.50000,9056,False,2,55674,10974,0.03702,0.47249,0.03702,0.47249,0
2,1,1,80.00000,1.38919,7.87846,0,True,70.00000,79.50000,-0.50000,9056,False,2,55691,10991,0.03702,0.49303,0.03702,0.49303,0
2,1,1,80.00000,1.38919,7.87846,0,True,70.00000,79.50000,-0.50000,9056,False,2,55708,11008,0.05554,0.55466,0.05554,0.55466,0
2,1,1,80.00000,1.38919,7.87846,0,True,70.00000,79.50000,-0.50000,9056,False,2,55725,11025,0.05554,0.57520,0.05554,0.57520,0
2,1,1,80.00000,1.38919,7.87846,0,True,70.00000,79.50000,-0.50000,9056,False,2,55741,11041,0.07405,0.63683,0.07405,0.63683,0
2,1,1,80.00000,1.38919,7.87846,0,True,70.00000,79.50000,-0.50000,9056,False,2,55758,11058,0.07405,0.65737,0.07405,0.65737,0
2,1,1,80.00000,1.38919,7.87846,0,True,70.00000,79.50000,-0.50000,9056,False,2,55775,11075,0.07405,0.69846,0.07405,0.69846,0
2,1,1,80.00000,1.38919,7.87846,0,True,70.00000,79.50000,-0.50000,9056,False,2,55791,11091,0.09256,0.73955,0.09256,0.73955,0
2,1,1,80.00000,1.38919,7.87846,0,True,70.00000,79.50000,-0.50000,9056,False,2,55808,11108,0.11107,0.80118,0.11107,0.80118,0
2,1,1,80.00000,1.38919,7.87846,0,True,70.00000,79.50000,-0.50000,9056,False,2,55825,11125,0.11107,0.84226,0.11107,0.84226,0
2,1,1,80.00000,1.38919,7.87846,0,True,70.00000,79.50000,-0.50000,9056,False,2,55841,11141,0.12958,0.88335,0.12958,0.88335,0
2,1,1,80.00000,1.38919,7.87846,0,True,70.00000,79.50000,-0.50000,9056,False,2,55858,11158,0.12958,0.92443,0.12958,0.92443,0
2,1,1,80.00000,1.38919,7.87846,0,True,70.00000,79.50000,-0.50000,9056,False,2,55875,11175,0.12958,0.96552,0.12958,0.96552,0
2,1,1,80.00000,1.38919,7.87846,0,True,70.00000,79.50000,-0.50000,9056,False,2,55891,11191,0.14810,1.00661,0.14810,1.00661,0
2,1,1,80.00000,1.38919,7.87846,0,True,70.00000,79.50000,-0.50000,9056,False,2,55908,11208,0.14810,1.04769,0.14810,1.04769,0
2,1,1,80.00000,1.38919,7.87846,0,True,70.00000,79.50000,-0.50000,9056,False,2,55925,11225,0.14810,1.08878,0.14810,1.08878,0
2,1,1,80.00000,1.38919,7.87846,0,True,70.00000,79.50000,-0.50000,9056,False,2,55941,11241,0.16661,1.15041,0.16661,1.15041,0
2,1,1,80.00000,1.38919,7.87846,0,True,70.00000,79.50000,-0.50000,9056,False,2,55958,11258,0.16661,1.19149,0.16661,1.19149,0
2,1,1,80.00000,1.38919,7.87846,0,True,70.00000,79.50000,-0.50000,9056,False,2,55975,11275,0.18512,1.25312,0.18512,1.25312,0
2,1,1,80.00000,1.38919,7.87846,0,True,70.00000,79.50000,-0.50000,9056,False,2,55992,11292,0.18512,1.29421,0.18512,1.29421,0
2,1,1,80.00000,1.38919,7.87846,0,True,70.00000,79.50000,-0.50000,9056,False,2,56008,11308,0.20363,1.33529,0.20363,1.33529,0
2,1,1,80.00000,1.38919,7.87846,0,True,70.00000,79.50000,-0.50000,9056,False,2,56025,11325,0.20363,1.37638,0.20363,1.37638,0
2,1,1,80.00000,1.38919,7.87846,0,True,70.00000,79.50000,-0.50000,9056,False,2,56042,11342,0.22214,1.43801,0.22214,1.43801,0
2,1,1,80.00000,1.38919,7.87846,0,True,70.00000,79.50000,-0.50000,9056,False,2,56058,11358,0.24065,1.49964,0.24065,1.49964,0
2,1,1,80.00000,1.38919,7.87846,0,True,70.00000,79.50000,-0.50000,9056,False,2,56075,11375,0.24065,1.56127,0.24065,1.56127,0
2,1,1,80.00000,1.38919,7.87846,0,True,70.00000,79.50000,-0.50000,9056,False,2,56091,11391,0.25917,1.60235,0.25917,1.60235,0
2,1,1,80.00000,1.38919,7.87846,0,True,70.00000,79.50000,-0.50000,9056,False,2,56108,11408,0.27768,1.64344,0.27768,1.64344,0
2,1,1,80.00000,1.38919,7.87846,0,True,70.00000,79.50000,-0.50000,9056,False,2,56125,11425,0.27768,1.70507,0.27768,1.70507,0
2,1,1,80.00000,1.38919,7.87846,0,True,70.00000,79.50000,-0.50000,9056,False,2,56142,11442,0.29619,1.74615,0.29619,1.74615,0
2,1,1,80.00000,1.38919,7.87846,0,True,70.00000,79.50000,-0.50000,9056,False,2,56158,11458,0.29619,1.78724,0.29619,1.78724,0
2,1,1,80.00000,1.38919,7.87846,0,True,70.00000,79.50000,-0.50000,9056,False,2,56175,11475,0.29619,1.82832,0.29619,1.82832,0
2,1,1,80.00000,1.38919,7.87846,0,True,70.00000,79.50000,-0.50000,9056,False,2,56191,11491,0.29619,1.84887,0.29619,1.84887,0
2,1,1,80.00000,1.38919,7.87846,0,True,70.00000,79.50000,-0.50000,9056,False,2,56208,11508,0.29619,1.88995,0.29619,1.88995,0
2,1,1,80.00000,1.38919,7.87846,0,True,70.00000,79.50000,-0.50000,9056,False,2,56225,11525,0.31470,1.95158,0.31470,1.95158,0
2,1,1,80.00000,1.38919,7.87846,0,True,70.00000,79.50000,-0.50000,9056,False,2,56242,11542,0.31470,1.97212,0.31470,1.97212,0
2,1,1,80.00000,1.38919,7.87846,0,True,70.00000,79.50000,-0.50000,9056,False,2,56258,11558,0.31470,2.01321,0.31470,2.01321,1
2,1,1,80.00000,1.38919,7.87846,0,True,70.00000,79.50000,-0.50000,9056,False,2,56275,11575,0.33321,2.05430,0.33321,2.05430,0
2,1,1,80.00000,1.38919,7.87846,0,True,70.00000,79.50000,-0.50000,9056,False,2,56292,11592,0.33321,2.09538,0.33321,2.09538,0
2,1,1,80.00000,1.38919,7.87846,0,True,70.00000,79.50000,-0.50000,9056,False,2,56308,11608,0.35173,2.13647,0.35173,2.13647,0
2,1,1,80.00000,1.38919,7.87846,0,True,70.00000,79.50000,-0.50000,9056,False,2,56325,11625,0.35173,2.15701,0.35173,2.15701,0
2,1,1,80.00000,1.38919,7.87846,0,True,70.00000,79.50000,-0.50000,9056,False,2,56342,11642,0.35173,2.19810,0.35173,2.19810,0
2,1,1,80.00000,1.38919,7.87846,0,True,70.00000,79.50000,-0.50000,9056,False,2,56358,11658,0.37024,2.23918,0.37024,2.23918,0
2,1,1,80.00000,1.38919,7.87846,0,True,70.00000,79.50000,-0.50000,9056,False,2,56375,11675,0.38875,2.28027,0.38875,2.28027,0
2,1,1,80.00000,1.38919,7.87846,0,True,70.00000,79.50000,-0.50000,9056,False,2,56392,11692,0.38875,2.34190,0.38875,2.34190,0
2,1,1,80.00000,1.38919,7.87846,0,True,70.00000,79.50000,-0.50000,9056,False,2,56408,11708,0.40726,2.36244,0.40726,2.36244,0
2,1,1,80.00000,1.38919,7.87846,0,True,70.00000,79.50000,-0.50000,9056,False,2,56425,11725,0.40726,2.40353,0.40726,2.40353,0
2,1,1,80.00000,1.38919,7.87846,0,True,70.00000,79.50000,-0.50000,9056,False,2,56442,11742,0.42577,2.42407,0.42577,2.42407,0
2,1,1,80.00000,1.38919,7.87846,0,True,70.00000,79.50000,-0.50000,9056,False,2,56458,11758,0.42577,2.46516,0.42577,2.46516,0
2,1,1,80.00000,1.38919,7.87846,0,True,70.00000,79.50000,-0.50000,9056,False,2,56475,11775,0.44429,2.48570,0.44429,2.48570,0
2,1,1,80.00000,1.38919,7.87846,0,True,70.00000,79.50000,-0.50000,9056,False,2,56492,11792,0.44429,2.52678,0.44429,2.52678,0
2,1,1,80.00000,1.38919,7.87846,0,True,70.00000,79.50000,-0.50000,9056,False,2,56508,11808,0.46280,2.54733,0.46280,2.54733,0
2,1,1,80.00000,1.38919,7.87846,0,True,70.00000,79.50000,-0.50000,9056,False,2,56525,11825,0.46280,2.58841,0.46280,2.58841,0
2,1,1,80.00000,1.38919,7.87846,0,True,70.00000,79.50000,-0.50000,9056,False,2,56542,11842,0.48131,2.62950,0.48131,2.62950,0
2,1,1,80.00000,1.38919,7.87846,0,True,70.00000,79.50000,-0.50000,9056,False,2,56558,11858,0.48131,2.65004,0.48131,2.65004,0
2,1,1,80.00000,1.38919,7.87846,0,True,70.00000,79.50000,-0.50000,9056,False,2,56575,11875,0.49982,2.69113,0.49982,2.69113,0
2,1,1,80.00000,1.38919,7.87846,0,True,70.00000,79.50000,-0.50000,9056,False,2,56592,11892,0.49982,2.71167,0.49982,2.71167,0
2,1,1,80.00000,1.38919,7.87846,0,True,70.00000,79.50000,-0.50000,9056,False,2,56609,11909,0.51833,2.75276,0.51833,2.75276,0
2,1,1,80.00000,1.38919,7.87846,0,True,70.00000,79.50000,-0.50000,9056,False,2,56625,11925,0.53685,2.79384,0.53685,2.79384,0
2,1,1,80.00000,1.38919,7.87846,0,True,70.00000,79.50000,-0.50000,9056,False,2,56642,11942,0.53685,2.83493,0.53685,2.83493,0
2,1,1,80.00000,1.38919,7.87846,0,True,70.00000,79.50000,-0.50000,9056,False,2,56659,11959,0.55536,2.87601,0.55536,2.87601,0
2,1,1,80.00000,1.38919,7.87846,0,True,70.00000,79.50000,-0.50000,9056,False,2,56675,11975,0.57387,2.91710,0.57387,2.91710,0
2,1,1,80.00000,1.38919,7.87846,0,True,70.00000,79.50000,-0.50000,9056,False,2,56692,11992,0.57387,2.95819,0.57387,2.95819,0
2,1,1,80.00000,1.38919,7.87846,0,True,70.00000,79.50000,-0.50000,9056,False,2,56709,12009,0.59238,2.99927,0.59238,2.99927,0
2,1,1,80.00000,1.38919,7.87846,0,True,70.00000,79.50000,-0.50000,9056,False,2,56725,12025,0.59238,3.06090,0.59238,3.06090,0
2,1,1,80.00000,1.38919,7.87846,0,True,70.00000,79.50000,-0.50000,9056,False,2,56742,12042,0.59238,3.08144,0.59238,3.08144,0
2,1,1,80.00000,1.38919,7.87846,0,True,70.00000,79.50000,-0.50000,9056,False,2,56759,12059,0.61089,3.12253,0.61089,3.12253,0
2,1,1,80.00000,1.38919,7.87846,0,True,70.00000,79.50000,-0.50000,9056,False,2,56775,12075,0.61089,3.16362,0.61089,3.16362,0
2,1,1,80.00000,1.38919,7.87846,0,True,70.00000,79.50000,-0.50000,9056,False,2,56792,12092,0.62940,3.20470,0.62940,3.20470,0
2,1,1,80.00000,1.38919,7.87846,0,True,70.00000,79.50000,-0.50000,9056,False,2,56809,12109,0.62940,3.24579,0.62940,3.24579,0
2,1,1,80.00000,1.38919,7.87846,0,True,70.00000,79.50000,-0.50000,9056,False,2,56825,12125,0.64792,3.28687,0.64792,3.28687,0
2,1,1,80.00000,1.38919,7.87846,0,True,70.00000,79.50000,-0.50000,9056,False,2,56842,12142,0.64792,3.32796,0.64792,3.32796,0
2,1,1,80.00000,1.38919,7.87846,0,True,70.00000,79.50000,-0.50000,9056,False,2,56859,12159,0.66643,3.36905,0.66643,3.36905,0
2,1,1,80.00000,1.38919,7.87846,0,True,70.00000,79.50000,-0.50000,9056,False,2,56876,12176,0.66643,3.41013,0.66643,3.41013,0
2,1,1,80.00000,1.38919,7.87846,0,True,70.00000,79.50000,-0.50000,9056,False,2,56892,12192,0.66643,3.43067,0.66643,3.43067,0
2,1,1,80.00000,1.38919,7.87846,0,True,70.00000,79.50000,-0.50000,9056,False,2,56909,12209,0.68494,3.47176,0.68494,3.47176,0
2,1,1,80.00000,1.38919,7.87846,0,True,70.00000,79.50000,-0.50000,9056,False,2,56925,12225,0.68494,3.51285,0.68494,3.51285,0
2,1,1,80.00000,1.38919,7.87846,0,True,70.00000,79.50000,-0.50000,9056,False,2,56942,12242,0.68494,3.53339,0.68494,3.53339,0
2,1,1,80.00000,1.38919,7.87846,0,True,70.00000,79.50000,-0.50000,9056,False,2,56959,12259,0.70345,3.57448,0.70345,3.57448,0
2,1,1,80.00000,1.38919,7.87846,0,True,70.00000,79.50000,-0.50000,9056,False,2,56975,12275,0.70345,3.61556,0.70345,3.61556,0
2,1,1,80.00000,1.38919,7.87846,0,True,70.00000,79.50000,-0.50000,9056,False,2,56992,12292,0.70345,3.63610,0.70345,3.63610,0
2,1,1,80.00000,1.38919,7.87846,0,True,70.00000,79.50000,-0.50000,9056,False,2,57009,12309,0.70345,3.67719,0.70345,3.67719,0
2,1,1,80.00000,1.38919,7.87846,0,True,70.00000,79.50000,-0.50000,9056,False,2,57026,12326,0.72196,3.73882,0.72196,3.73882,0
2,1,1,80.00000,1.38919,7.87846,0,True,70.00000,79.50000,-0.50000,9056,False,2,57042,12342,0.72196,3.77990,0.72196,3.77990,0
2,1,1,80.00000,1.38919,7.87846,0,True,70.00000,79.50000,-0.50000,9056,False,2,57059,12359,0.74048,3.82099,0.74048,3.82099,0
2,1,1,80.00000,1.38919,7.87846,0,True,70.00000,79.50000,-0.50000,9056,False,2,57076,12376,0.74048,3.86208,0.74048,3.86208,0
2,1,1,80.00000,1.38919,7.87846,0,True,70.00000,79.50000,-0.50000,9056,False,2,57092,12392,0.74048,3.90316,0.74048,3.90316,0
2,1,1,80.00000,1.38919,7.87846,0,True,70.00000,79.50000,-0.50000,9056,False,2,57109,12409,0.75899,3.94425,0.75899,3.94425,0
2,1,1,80.00000,1.38919,7.87846,0,True,70.00000,79.50000,-0.50000,9056,False,2,57126,12426,0.77750,3.98533,0.77750,3.98533,0
2,1,1,80.00000,1.38919,7.87846,0,True,70.00000,79.50000,-0.50000,9056,False,2,57142,12442,0.77750,4.02642,0.77750,4.02642,0
2,1,1,80.00000,1.38919,7.87846,0,True,70.00000,79.50000,-0.50000,9056,False,2,57159,12459,0.79601,4.06751,0.79601,4.06751,0
2,1,1,80.00000,1.38919,7.87846,0,True,70.00000,79.50000,-0.50000,9056,False,2,57176,12476,0.79601,4.10859,0.79601,4.10859,0
2,1,1,80.00000,1.38919,7.87846,0,True,70.00000,79.50000,-0.50000,9056,False,2,57192,12492,0.79601,4.17022,0.79601,4.17022,0
2,1,1,80.00000,1.38919,7.87846,0,True,70.00000,79.50000,-0.50000,9056,False,2,57209,12509,0.79601,4.19076,0.79601,4.19076,0
2,1,1,80.00000,1.38919,7.87846,0,True,70.00000,79.50000,-0.50000,9056,False,2,57226,12526,0.81452,4.23185,0.81452,4.23185,0
2,1,1,80.00000,1.38919,7.87846,0,True,70.00000,79.50000,-0.50000,9056,False,2,57242,12542,0.81452,4.27294,0.81452,4.27294,0
2,1,1,80.00000,1.38919,7.87846,0,True,70.00000,79.50000,-0.50000,9056,False,2,57259,12559,0.83304,4.33457,0.83304,4.33457,0
2,1,1,80.00000,1.38919,7.87846,0,True,70.00000,79.50000,-0.50000,9056,False,2,57276,12576,0.83304,4.35511,0.83304,4.35511,0
2,1,1,80.00000,1.38919,7.87846,0,True,70.00000,79.50000,-0.50000,9056,False,2,57292,12592,0.85155,4.41674,0.85155,4.41674,0
2,1,1,80.00000,1.38919,7.87846,0,True,70.00000,79.50000,-0.50000,9056,False,2,57309,12609,0.85155,4.45782,0.85155,4.45782,0
2,1,1,80.00000,1.38919,7.87846,0,True,70.00000,79.50000,-0.50000,9056,False,2,57326,12626,0.87006,4.49891,0.87006,4.49891,0
2,1,1,80.00000,1.38919,7.87846,0,True,70.00000,79.50000,-0.50000,9056,False,2,57342,12642,0.87006,4.53999,0.87006,4.53999,0
2,1,1,80.00000,1.38919,7.87846,0,True,70.00000,79.50000,-0.50000,9056,False,2,57359,12659,0.88857,4.58108,0.88857,4.58108,0
2,1,1,80.00000,1.38919,7.87846,0,True,70.00000,79.50000,-0.50000,9056,False,2,57376,12676,0.88857,4.62217,0.88857,4.62217,0
2,1,1,80.00000,1.38919,7.87846,0,True,70.00000,79.50000,-0.50000,9056,False,2,57393,12693,0.90708,4.66325,0.90708,4.66325,0
2,1,1,80.00000,1.38919,7.87846,0,True,70.00000,79.50000,-0.50000,9056,False,2,57409,12709,0.90708,4.72488,0.90708,4.72488,0
2,1,1,80.00000,1.38919,7.87846,0,True,70.00000,79.50000,-0.50000,9056,False,2,57426,12726,0.92560,4.76597,0.92560,4.76597,0
2,1,1,80.00000,1.38919,7.87846,0,True,70.00000,79.50000,-0.50000,9056,False,2,57443,12743,0.94411,4.82760,0.94411,4.82760,0
2,1,1,80.00000,1.38919,7.87846,0,True,70.00000,79.50000,-0.50000,9056,False,2,57459,12759,0.94411,4.86868,0.94411,4.86868,0
2,1,1,80.00000,1.38919,7.87846,0,True,70.00000,79.50000,-0.50000,9056,False,2,57476,12776,0.96262,4.90977,0.96262,4.90977,0
2,1,1,80.00000,1.38919,7.87846,0,True,70.00000,79.50000,-0.50000,9056,False,2,57493,12793,0.96262,4.97140,0.96262,4.97140,0
2,1,1,80.00000,1.38919,7.87846,0,True,70.00000,79.50000,-0.50000,9056,False,2,57509,12809,0.98113,5.01248,0.98113,5.01248,0
2,1,1,80.00000,1.38919,7.87846,0,True,70.00000,79.50000,-0.50000,9056,False,2,57526,12826,0.98113,5.05357,0.98113,5.05357,0
2,1,1,80.00000,1.38919,7.87846,0,True,70.00000,79.50000,-0.50000,9056,False,2,57543,12843,0.98113,5.09465,0.98113,5.09465,0
2,1,1,80.00000,1.38919,7.87846,0,True,70.00000,79.50000,-0.50000,9056,False,2,57559,12859,0.98113,5.13574,0.98113,5.13574,0
2,1,1,80.00000,1.38919,7.87846,0,True,70.00000,79.50000,-0.50000,9056,False,2,57576,12876,0.98113,5.17683,0.98113,5.17683,0
2,1,1,80.00000,1.38919,7.87846,0,True,70.00000,79.50000,-0.50000,9056,False,2,57593,12893,0.98113,5.23846,0.98113,5.23846,0
2,1,1,80.00000,1.38919,7.87846,0,True,70.00000,79.50000,-0.50000,9056,False,2,57609,12909,0.99964,5.27954,0.99964,5.27954,0
2,1,1,80.00000,1.38919,7.87846,0,True,70.00000,79.50000,-0.50000,9056,False,2,57626,12926,0.99964,5.34117,0.99964,5.34117,0
2,1,1,80.00000,1.38919,7.87846,0,True,70.00000,79.50000,-0.50000,9056,False,2,57643,12943,0.98113,5.38226,0.98113,5.38226,0
2,1,1,80.00000,1.38919,7.87846,0,True,70.00000,79.50000,-0.50000,9056,False,2,57659,12959,0.98113,5.42334,0.98113,5.42334,0
2,1,1,80.00000,1.38919,7.87846,0,True,70.00000,79.50000,-0.50000,9056,False,2,57676,12976,0.99964,5.48497,0.99964,5.48497,0
2,1,1,80.00000,1.38919,7.87846,0,True,70.00000,79.50000,-0.50000,9056,False,2,57693,12993,0.99964,5.52606,0.99964,5.52606,0
2,1,1,80.00000,1.38919,7.87846,0,True,70.00000,79.50000,-0.50000,9056,False,2,57709,13009,1.01815,5.58769,1.01815,5.58769,0
2,1,1,80.00000,1.38919,7.87846,0,True,70.00000,79.50000,-0.50000,9056,False,2,57726,13026,1.01815,5.64931,1.01815,5.64931,0
2,1,1,80.00000,1.38919,7.87846,0,True,70.00000,79.50000,-0.50000,9056,False,2,57743,13043,1.03667,5.71094,1.03667,5.71094,0
2,1,1,80.00000,1.38919,7.87846,0,True,70.00000,79.50000,-0.50000,9056,False,2,57760,13060,1.03667,5.77257,1.03667,5.77257,0
2,1,1,80.00000,1.38919,7.87846,0,True,70.00000,79.50000,-0.50000,9056,False,2,57776,13076,1.03667,5.81366,1.03667,5.81366,0
2,1,1,80.00000,1.38919,7.87846,0,True,70.00000,79.50000,-0.50000,9056,False,2,57793,13093,1.05518,5.85474,1.05518,5.85474,0
2,1,1,80.00000,1.38919,7.87846,0,True,70.00000,79.50000,-0.50000,9056,False,2,57809,13109,1.05518,5.89583,1.05518,5.89583,0
2,1,1,80.00000,1.38919,7.87846,0,True,70.00000,79.50000,-0.50000,9056,False,2,57826,13126,1.05518,5.95746,1.05518,5.95746,0
2,1,1,80.00000,1.38919,7.87846,0,True,70.00000,79.50000,-0.50000,9056,False,2,57843,13143,1.07369,6.01909,1.07369,6.01909,0
2,1,1,80.00000,1.38919,7.87846,0,True,70.00000,79.50000,-0.50000,9056,False,2,57859,13159,1.07369,6.06017,1.07369,6.06017,0
2,1,1,80.00000,1.38919,7.87846,0,True,70.00000,79.50000,-0.50000,9056,False,2,57876,13176,1.07369,6.12180,1.07369,6.12180,0
2,1,1,80.00000,1.38919,7.87846,0,True,70.00000,79.50000,-0.50000,9056,False,2,57893,13193,1.09220,6.16289,1.09220,6.16289,0
2,1,1,80.00000,1.38919,7.87846,0,True,70.00000,79.50000,-0.50000,9056,False,2,57910,13210,1.09220,6.24506,1.09220,6.24506,0
2,1,1,80.00000,1.38919,7.87846,0,True,70.00000,79.50000,-0.50000,9056,False,2,57926,13226,1.11071,6.28615,1.11071,6.28615,0
2,1,1,80.00000,1.38919,7.87846,0,True,70.00000,79.50000,-0.50000,9056,False,2,57943,13243,1.11071,6.36832,1.11071,6.36832,0
2,1,1,80.00000,1.38919,7.87846,0,True,70.00000,79.50000,-0.50000,9056,False,2,57960,13260,1.11071,6.40940,1.11071,6.40940,0
2,1,1,80.00000,1.38919,7.87846,0,True,70.00000,79.50000,-0.50000,9056,False,2,57976,13276,1.11071,6.45049,1.11071,6.45049,0
2,1,1,80.00000,1.38919,7.87846,0,True,70.00000,79.50000,-0.50000,9056,False,2,57993,13293,1.11071,6.49158,1.11071,6.49158,0
2,1,1,80.00000,1.38919,7.87846,0,True,70.00000,79.50000,-0.50000,9056,False,2,58010,13310,1.12923,6.55321,1.12923,6.55321,0
2,1,1,80.00000,1.38919,7.87846,0,True,70.00000,79.50000,-0.50000,9056,False,2,58027,13327,1.12923,6.59429,1.12923,6.59429,0
2,1,1,80.00000,1.38919,7.87846,0,True,70.00000,79.50000,-0.50000,9056,False,2,58043,13343,1.12923,6.63538,1.12923,6.63538,0
2,1,1,80.00000,1.38919,7.87846,0,True,70.00000,79.50000,-0.50000,9056,False,2,58060,13360,1.14774,6.67646,1.14774,6.67646,0
2,1,1,80.00000,1.38919,7.87846,0,True,70.00000,79.50000,-0.50000,9056,False,2,58077,13377,1.14774,6.71755,1.14774,6.71755,0
2,1,1,80.00000,1.38919,7.87846,0,True,70.00000,79.50000,-0.50000,9056,False,2,58093,13393,1.14774,6.75864,1.14774,6.75864,0
2,1,1,80.00000,1.38919,7.87846,0,True,70.00000,79.50000,-0.50000,9056,False,2,58110,13410,1.16625,6.79972,1.16625,6.79972,0
2,1,1,80.00000,1.38919,7.87846,0,True,70.00000,79.50000,-0.50000,9056,False,2,58126,13426,1.16625,6.84081,1.16625,6.84081,0
2,1,1,80.00000,1.38919,7.87846,0,True,70.00000,79.50000,-0.50000,9056,False,2,58143,13443,1.18476,6.88189,1.18476,6.88189,0
2,1,1,80.00000,1.38919,7.87846,0,True,70.00000,79.50000,-0.50000,9056,False,2,58160,13460,1.20327,6.92298,1.20327,6.92298,0
2,1,1,80.00000,1.38919,7.87846,0,True,70.00000,79.50000,-0.50000,9056,False,2,58176,13476,1.22179,6.96406,1.22179,6.96406,0
2,1,1,80.00000,1.38919,7.87846,0,True,70.00000,79.50000,-0.50000,9056,False,2,58193,13493,1.24030,6.98461,1.24030,6.98461,0
2,1,1,80.00000,1.38919,7.87846,0,True,70.00000,79.50000,-0.50000,9056,False,2,58210,13510,1.25881,7.02569,1.25881,7.02569,0
2,1,1,80.00000,1.38919,7.87846,0,True,70.00000,79.50000,-0.50000,9056,False,2,58227,13527,1.27732,7.04624,1.27732,7.04624,0
2,1,1,80.00000,1.38919,7.87846,0,True,70.00000,79.50000,-0.50000,9056,False,2,58243,13543,1.29583,7.08732,1.29583,7.08732,0
2,1,1,80.00000,1.38919,7.87846,0,True,70.00000,79.50000,-0.50000,9056,False,2,58260,13560,1.29583,7.12841,1.29583,7.12841,0
2,1,1,80.00000,1.38919,7.87846,0,True,70.00000,79.50000,-0.50000,9056,False,2,58276,13576,1.31435,7.16949,1.31435,7.16949,0
2,1,1,80.00000,1.38919,7.87846,0,True,70.00000,79.50000,-0.50000,9056,False,2,58293,13593,1.33286,7.21058,1.33286,7.21058,0
2,1,1,80.00000,1.38919,7.87846,0,True,70.00000,79.50000,-0.50000,9056,False,2,58310,13610,1.33286,7.23112,1.33286,7.23112,0
2,1,1,80.00000,1.38919,7.87846,0,True,70.00000,79.50000,-0.50000,9056,False,2,58327,13627,1.35137,7.29275,1.35137,7.29275,0
2,1,1,80.00000,1.38919,7.87846,0,True,70.00000,79.50000,-0.50000,9056,False,2,58343,13643,1.35137,7.33384,1.35137,7.33384,0
2,1,1,80.00000,1.38919,7.87846,0,True,70.00000,79.50000,-0.50000,9056,False,2,58360,13660,1.36988,7.35438,1.36988,7.35438,0
2,1,1,80.00000,1.38919,7.87846,0,True,70.00000,79.50000,-0.50000,9056,False,2,58377,13677,1.38839,7.39547,1.38839,7.39547,0
2,1,1,80.00000,1.38919,7.87846,0,True,70.00000,79.50000,-0.50000,9056,False,2,58393,13693,1.40690,7.43655,1.40690,7.43655,0
2,1,1,80.00000,1.38919,7.87846,0,True,70.00000,79.50000,-0.50000,9056,False,2,58410,13710,1.40690,7.47764,1.40690,7.47764,0
2,1,1,80.00000,1.38919,7.87846,0,True,70.00000,79.50000,-0.50000,9056,False,2,58427,13727,1.40690,7.51872,1.40690,7.51872,0
2,1,1,80.00000,1.38919,7.87846,0,True,70.00000,79.50000,-0.50000,9056,False,2,58443,13743,1.40690,7.53927,1.40690,7.53927,0
2,1,1,80.00000,1.38919,7.87846,0,True,70.00000,79.50000,-0.50000,9056,False,2,58460,13760,1.42542,7.58035,1.42542,7.58035,0
2,1,1,80.00000,1.38919,7.87846,0,True,70.00000,79.50000,-0.50000,9056,False,2,58477,13777,1.42542,7.62144,1.42542,7.62144,0
2,1,1,80.00000,1.38919,7.87846,0,True,70.00000,79.50000,-0.50000,9056,False,2,58494,13794,1.42542,7.66252,1.42542,7.66252,0
2,1,1,80.00000,1.38919,7.87846,0,True,70.00000,79.50000,-0.50000,9056,False,3,58510,13810,1.42542,7.70361,1.42542,7.70361,0
2,1,1,80.00000,1.38919,7.87846,0,True,70.00000,79.50000,-0.50000,9056,False,3,58527,13827,1.42542,7.72415,1.42542,7.72415,0
2,1,1,80.00000,1.38919,7.87846,0,True,70.00000,79.50000,-0.50000,9056,False,3,58543,13843,1.42542,7.74470,1.42542,7.74470,0
2,1,1,80.00000,1.38919,7.87846,0,True,70.00000,79.50000,-0.50000,9056,False,3,58560,13860,1.42542,7.76524,1.42542,7.76524,0
2,1,1,80.00000,1.38919,7.87846,0,True,70.00000,79.50000,-0.50000,9056,False,3,58577,13877,1.42542,7.78578,1.42542,7.78578,0
2,1,1,80.00000,1.38919,7.87846,0,True,70.00000,79.50000,-0.50000,9056,False,3,58593,13893,1.42542,7.80633,1.42542,7.80633,0
2,1,1,80.00000,1.38919,7.87846,0,True,70.00000,79.50000,-0.50000,9056,False,3,58610,13910,1.42542,7.80633,1.42542,7.80633,0
2,1,1,80.00000,1.38919,7.87846,0,True,70.00000,79.50000,-0.50000,9056,False,3,58627,13927,1.42542,7.82687,1.42542,7.82687,0
2,1,1,80.00000,1.38919,7.87846,0,True,70.00000,79.50000,-0.50000,9056,False,3,58643,13943,1.42542,7.84741,1.42542,7.84741,0
2,1,1,80.00000,1.38919,7.87846,0,True,70.00000,79.50000,-0.50000,9056,False,3,58660,13960,1.42542,7.84741,1.42542,7.84741,0
2,1,1,80.00000,1.38919,7.87846,0,True,70.00000,79.50000,-0.50000,9056,False,3,58677,13977,1.42542,7.84741,1.42542,7.84741,0
2,1,1,80.00000,1.38919,7.87846,0,True,70.00000,79.50000,-0.50000,9056,False,3,58694,13994,1.40690,7.86795,1.40690,7.86795,0
2,1,1,80.00000,1.38919,7.87846,0,True,70.00000,79.50000,-0.50000,9056,False,3,58710,14010,1.40690,7.86795,1.40690,7.86795,0
2,1,1,80.00000,1.38919,7.87846,0,True,70.00000,79.50000,-0.50000,9056,False,3,58727,14027,1.40690,7.88850,1.40690,7.88850,0
2,1,1,80.00000,1.38919,7.87846,0,True,70.00000,79.50000,-0.50000,9056,False,3,58743,14043,1.40690,7.88850,1.40690,7.88850,0
2,1,1,80.00000,1.38919,7.87846,0,True,70.00000,79.50000,-0.50000,9056,False,3,58760,14060,1.40690,7.88850,1.40690,7.88850,0
2,1,1,80.00000,1.38919,7.87846,0,True,70.00000,79.50000,-0.50000,9056,False,3,58777,14077,1.40690,7.88850,1.40690,7.88850,0
2,1,1,80.00000,1.38919,7.87846,0,True,70.00000,79.50000,-0.50000,9056,False,3,58793,14093,1.40690,7.88850,1.40690,7.88850,0
2,1,1,80.00000,1.38919,7.87846,0,True,70.00000,79.50000,-0.50000,9056,False,3,58810,14110,1.40690,7.88850,1.40690,7.88850,0
2,1,1,80.00000,1.38919,7.87846,0,True,70.00000,79.50000,-0.50000,9056,False,3,58827,14127,1.40690,7.88850,1.40690,7.88850,0
2,1,1,80.00000,1.38919,7.87846,0,True,70.00000,79.50000,-0.50000,9056,False,3,58843,14143,1.40690,7.88850,1.40690,7.88850,0
2,1,1,80.00000,1.38919,7.87846,0,True,70.00000,79.50000,-0.50000,9056,False,3,58860,14160,1.40690,7.88850,1.40690,7.88850,0
2,1,1,80.00000,1.38919,7.87846,0,True,70.00000,79.50000,-0.50000,9056,False,3,58877,14177,1.40690,7.88850,1.40690,7.88850,0
2,1,1,80.00000,1.38919,7.87846,0,True,70.00000,79.50000,-0.50000,9056,False,3,58894,14194,1.40690,7.88850,1.40690,7.88850,0
2,1,1,80.00000,1.38919,7.87846,0,True,70.00000,79.50000,-0.50000,9056,False,3,58911,14211,1.40690,7.88850,1.40690,7.88850,0
2,1,1,80.00000,1.38919,7.87846,0,True,70.00000,79.50000,-0.50000,9056,False,3,58927,14227,1.40690,7.88850,1.40690,7.88850,0
2,1,1,80.00000,1.38919,7.87846,0,True,70.00000,79.50000,-0.50000,9056,False,3,58944,14244,1.40690,7.88850,1.40690,7.88850,0
2,1,1,80.00000,1.38919,7.87846,0,True,70.00000,79.50000,-0.50000,9056,False,3,58960,14260,1.40690,7.88850,1.40690,7.88850,0
2,1,1,80.00000,1.38919,7.87846,0,True,70.00000,79.50000,-0.50000,9056,False,3,58977,14277,1.40690,7.88850,1.40690,7.88850,0
2,1,1,80.00000,1.38919,7.87846,0,True,70.00000,79.50000,-0.50000,9056,False,3,58994,14294,1.40690,7.88850,1.40690,7.88850,0
2,1,1,80.00000,1.38919,7.87846,0,True,70.00000,79.50000,-0.50000,9056,False,3,59010,14310,1.40690,7.88850,1.40690,7.88850,0
2,1,1,80.00000,1.38919,7.87846,0,True,70.00000,79.50000,-0.50000,9056,False,3,59027,14327,1.40690,7.88850,1.40690,7.88850,0
2,1,1,80.00000,1.38919,7.87846,0,True,70.00000,79.50000,-0.50000,9056,False,3,59044,14344,1.40690,7.88850,1.40690,7.88850,0
2,1,1,80.00000,1.38919,7.87846,0,True,70.00000,79.50000,-0.50000,9056,False,3,59061,14361,1.38839,7.84741,1.38839,7.84741,0
2,1,1,80.00000,1.38919,7.87846,0,True,70.00000,79.50000,-0.50000,9056,False,3,59077,14377,1.38839,7.82687,1.38839,7.82687,0
2,1,1,80.00000,1.38919,7.87846,0,True,70.00000,79.50000,-0.50000,9056,False,3,59094,14394,1.36988,7.80633,1.36988,7.80633,0
2,1,1,80.00000,1.38919,7.87846,0,True,70.00000,79.50000,-0.50000,9056,False,3,59110,14410,1.35137,7.74470,1.35137,7.74470,0
2,1,1,80.00000,1.38919,7.87846,0,True,70.00000,79.50000,-0.50000,9056,False,3,59127,14427,1.33286,7.72415,1.33286,7.72415,0
2,1,1,80.00000,1.38919,7.87846,0,True,70.00000,79.50000,-0.50000,9056,False,3,59144,14444,1.33286,7.68307,1.33286,7.68307,0
2,1,1,80.00000,1.38919,7.87846,0,True,70.00000,79.50000,-0.50000,9056,False,3,59161,14461,1.31435,7.64198,1.31435,7.64198,0
2,1,1,80.00000,1.38919,7.87846,0,True,70.00000,79.50000,-0.50000,9056,False,3,59177,14477,1.29583,7.58035,1.29583,7.58035,0
2,1,1,80.00000,1.38919,7.87846,0,True,70.00000,79.50000,-0.50000,9056,False,3,59194,14494,1.27732,7.53927,1.27732,7.53927,0
2,1,1,80.00000,1.38919,7.87846,0,True,70.00000,79.50000,-0.50000,9056,False,3,59211,14511,1.25881,7.45709,1.25881,7.45709,0
2,1,1,80.00000,1.38919,7.87846,0,True,70.00000,79.50000,-0.50000,9056,False,3,59227,14527,1.24030,7.41601,1.24030,7.41601,0
2,1,1,80.00000,1.38919,7.87846,0,True,70.00000,79.50000,-0.50000,9056,False,3,59244,14544,1.22179,7.35438,1.22179,7.35438,0
2,1,1,80.00000,1.38919,7.87846,0,True,70.00000,79.50000,-0.50000,9056,False,3,59261,14561,1.20327,7.29275,1.20327,7.29275,0
2,1,1,80.00000,1.38919,7.87846,0,True,70.00000,79.50000,-0.50000,9056,False,3,59277,14577,1.18476,7.25167,1.18476,7.25167,0
2,1,1,80.00000,1.38919,7.87846,0,True,70.00000,79.50000,-0.50000,9056,False,3,59294,14594,1.16625,7.19004,1.16625,7.19004,0
2,1,1,80.00000,1.38919,7.87846,0,True,70.00000,79.50000,-0.50000,9056,False,3,59311,14611,1.14774,7.12841,1.14774,7.12841,0
2,1,1,80.00000,1.38919,7.87846,0,True,70.00000,79.50000,-0.50000,9056,False,3,59327,14627,1.11071,7.06678,1.11071,7.06678,0
2,1,1,80.00000,1.38919,7.87846,0,True,70.00000,79.50000,-0.50000,9056,False,3,59344,14644,1.09220,6.98461,1.09220,6.98461,0
2,1,1,80.00000,1.38919,7.87846,0,True,70.00000,79.50000,-0.50000,9056,False,3,59361,14661,1.05518,6.90244,1.05518,6.90244,0
2,1,1,80.00000,1.38919,7.87846,0,True,70.00000,79.50000,-0.50000,9056,False,3,59377,14677,1.01815,6.82026,1.01815,6.82026,0
2,1,1,80.00000,1.38919,7.87846,0,True,70.00000,79.50000,-0.50000,9056,False,3,59394,14694,0.98113,6.73809,0.98113,6.73809,0
2,1,1,80.00000,1.38919,7.87846,0,True,70.00000,79.50000,-0.50000,9056,False,3,59411,14711,0.94411,6.67646,0.94411,6.67646,0
2,1,1,80.00000,1.38919,7.87846,0,True,70.00000,79.50000,-0.50000,9056,False,3,59427,14727,0.90708,6.59429,0.90708,6.59429,0
2,1,1,80.00000,1.38919,7.87846,0,True,70.00000,79.50000,-0.50000,9056,False,3,59444,14744,0.85155,6.51212,0.85155,6.51212,0
2,1,1,80.00000,1.38919,7.87846,0,True,70.00000,79.50000,-0.50000,9056,False,3,59461,14761,0.81452,6.42995,0.81452,6.42995,0
2,1,1,80.00000,1.38919,7.87846,0,True,70.00000,79.50000,-0.50000,9056,False,3,59478,14778,0.79601,6.36832,0.79601,6.36832,0
2,1,1,80.00000,1.38919,7.87846,0,True,70.00000,79.50000,-0.50000,9056,False,3,59494,14794,0.74048,6.28615,0.74048,6.28615,0
2,1,1,80.00000,1.38919,7.87846,0,True,70.00000,79.50000,-0.50000,9056,False,3,59511,14811,0.70345,6.20397,0.70345,6.20397,0
2,1,1,80.00000,1.38919,7.87846,0,True,70.00000,79.50000,-0.50000,9056,False,3,59527,14827,0.66643,6.12180,0.66643,6.12180,0
2,1,1,80.00000,1.38919,7.87846,0,True,70.00000,79.50000,-0.50000,9056,False,3,59544,14844,0.62940,6.03963,0.62940,6.03963,0
2,1,1,80.00000,1.38919,7.87846,0,True,70.00000,79.50000,-0.50000,9056,False,3,59561,14861,0.59238,5.97800,0.59238,5.97800,0
2,1,1,80.00000,1.38919,7.87846,0,True,70.00000,79.50000,-0.50000,9056,False,3,59578,14878,0.57387,5.91637,0.57387,5.91637,0
2,1,1,80.00000,1.38919,7.87846,0,True,70.00000,79.50000,-0.50000,9056,False,3,59594,14894,0.53685,5.81366,0.53685,5.81366,0
2,1,1,80.00000,1.38919,7.87846,0,True,70.00000,79.50000,-0.50000,9056,False,3,59611,14911,0.49982,5.75203,0.49982,5.75203,0
2,1,1,80.00000,1.38919,7.87846,0,True,70.00000,79.50000,-0.50000,9056,False,3,59628,14928,0.46280,5.64931,0.46280,5.64931,0
2,1,1,80.00000,1.38919,7.87846,0,True,70.00000,79.50000,-0.50000,9056,False,3,59644,14944,0.44429,5.56714,0.44429,5.56714,0
2,1,1,80.00000,1.38919,7.87846,0,True,70.00000,79.50000,-0.50000,9056,False,3,59661,14961,0.42577,5.50551,0.42577,5.50551,0
2,1,1,80.00000,1.38919,7.87846,0,True,70.00000,79.50000,-0.50000,9056,False,3,59678,14978,0.38875,5.38226,0.38875,5.38226,0
2,1,1,80.00000,1.38919,7.87846,0,True,70.00000,79.50000,-0.50000,9056,False,3,59694,14994,0.35173,5.30008,0.35173,5.30008,0
2,1,1,80.00000,1.38919,7.87846,0,True,70.00000,79.50000,-0.50000,9056,False,3,59711,15011,0.31470,5.19737,0.31470,5.19737,0
2,1,1,80.00000,1.38919,7.87846,0,True,70.00000,79.50000,-0.50000,9056,False,3,59727,15027,0.27768,5.11520,0.27768,5.11520,0
2,1,1,80.00000,1.38919,7.87846,0,True,70.00000,79.50000,-0.50000,9056,False,3,59744,15044,0.24065,5.03303,0.24065,5.03303,0
2,1,1,80.00000,1.38919,7.87846,0,True,70.00000,79.50000,-0.50000,9056,False,3,59761,15061,0.20363,4.93031,0.20363,4.93031,0
2,1,1,80.00000,1.38919,7.87846,0,True,70.00000,79.50000,-0.50000,9056,False,3,59778,15078,0.16661,4.82760,0.16661,4.82760,0
2,1,1,80.00000,1.38919,7.87846,0,True,70.00000,79.50000,-0.50000,9056,False,3,59794,15094,0.12958,4.74542,0.12958,4.74542,0
2,1,1,80.00000,1.38919,7.87846,0,True,70.00000,79.50000,-0.50000,9056,False,3,59811,15111,0.11107,4.66325,0.11107,4.66325,0
2,1,1,80.00000,1.38919,7.87846,0,True,70.00000,79.50000,-0.50000,9056,False,3,59828,15128,0.05554,4.53999,0.05554,4.53999,0
2,1,1,80.00000,1.38919,7.87846,0,True,70.00000,79.50000,-0.50000,9056,False,3,59844,15144,0.03702,4.47837,0.03702,4.47837,0
2,1,1,80.00000,1.38919,7.87846,0,True,70.00000,79.50000,-0.50000,9056,False,3,59861,15161,0.00000,4.35511,0.00000,4.35511,0
2,1,1,80.00000,1.38919,7.87846,0,True,70.00000,79.50000,-0.50000,9056,False,3,59878,15178,-0.01851,4.29348,-0.01851,4.29348,0
2,1,1,80.00000,1.38919,7.87846,0,True,70.00000,79.50000,-0.50000,9056,False,3,59894,15194,-0.03702,4.21131,-0.03702,4.21131,0
2,1,1,80.00000,1.38919,7.87846,0,True,70.00000,79.50000,-0.50000,9056,False,3,59911,15211,-0.07405,4.12914,-0.07405,4.12914,0
2,1,1,80.00000,1.38919,7.87846,0,True,70.00000,79.50000,-0.50000,9056,False,3,59928,15228,-0.09256,4.00588,-0.09256,4.00588,0
2,1,1,80.00000,1.38919,7.87846,0,True,70.00000,79.50000,-0.50000,9056,False,3,59945,15245,-0.14810,3.90316,-0.14810,3.90316,0
2,1,1,80.00000,1.38919,7.87846,0,True,70.00000,79.50000,-0.50000,9056,False,3,59961,15261,-0.16661,3.82099,-0.16661,3.82099,0
2,1,1,80.00000,1.38919,7.87846,0,True,70.00000,79.50000,-0.50000,9056,False,3,59978,15278,-0.18512,3.73882,-0.18512,3.73882,0
2,1,1,80.00000,1.38919,7.87846,0,True,70.00000,79.50000,-0.50000,9056,False,3,59995,15295,-0.20363,3.67719,-0.20363,3.67719,0
2,1,1,80.00000,1.38919,7.87846,0,True,70.00000,79.50000,-0.50000,9056,False,3,60011,15311,-0.24065,3.57448,-0.24065,3.57448,0
2,1,1,80.00000,1.38919,7.87846,0,True,70.00000,79.50000,-0.50000,9056,False,3,60028,15328,-0.25917,3.51285,-0.25917,3.51285,0
2,1,1,80.00000,1.38919,7.87846,0,True,70.00000,79.50000,-0.50000,9056,False,3,60045,15345,-0.25917,3.45122,-0.25917,3.45122,0
2,1,1,80.00000,1.38919,7.87846,0,True,70.00000,79.50000,-0.50000,9056,False,3,60061,15361,-0.29619,3.36905,-0.29619,3.36905,0
2,1,1,80.00000,1.38919,7.87846,0,True,70.00000,79.50000,-0.50000,9056,False,3,60078,15378,-0.29619,3.28687,-0.29619,3.28687,0
2,1,1,80.00000,1.38919,7.87846,0,True,70.00000,79.50000,-0.50000,9056,False,3,60095,15395,-0.33321,3.20470,-0.33321,3.20470,0
2,1,1,80.00000,1.38919,7.87846,0,True,70.00000,79.50000,-0.50000,9056,False,3,60111,15411,-0.33321,3.14307,-0.33321,3.14307,0
2,1,1,80.00000,1.38919,7.87846,0,True,70.00000,79.50000,-0.50000,9056,False,3,60128,15428,-0.35173,3.10199,-0.35173,3.10199,0
2,1,1,80.00000,1.38919,7.87846,0,True,70.00000,79.50000,-0.50000,9056,False,3,60144,15444,-0.37024,3.04036,-0.37024,3.04036,0
2,1,1,80.00000,1.38919,7.87846,0,True,70.00000,79.50000,-0.50000,9056,False,3,60161,15461,-0.38875,2.95819,-0.38875,2.95819,0
2,1,1,80.00000,1.38919,7.87846,0,True,70.00000,79.50000,-0.50000,9056,False,3,60178,15478,-0.40726,2.89656,-0.40726,2.89656,0
2,1,1,80.00000,1.38919,7.87846,0,True,70.00000,79.50000,-0.50000,9056,False,3,60195,15495,-0.42577,2.83493,-0.42577,2.83493,0
2,1,1,80.00000,1.38919,7.87846,0,True,70.00000,79.50000,-0.50000,9056,False,3,60211,15511,-0.44429,2.77330,-0.44429,2.77330,0
2,1,1,80.00000,1.38919,7.87846,0,True,70.00000,79.50000,-0.50000,9056,False,3,60228,15528,-0.44429,2.71167,-0.44429,2.71167,0
2,1,1,80.00000,1.38919,7.87846,0,True,70.00000,79.50000,-0.50000,9056,False,3,60245,15545,-0.46280,2.62950,-0.46280,2.62950,0
2,1,1,80.00000,1.38919,7.87846,0,True,70.00000,79.50000,-0.50000,9056,False,3,60261,15561,-0.48131,2.56787,-0.48131,2.56787,0
2,1,1,80.00000,1.38919,7.87846,0,True,70.00000,79.50000,-0.50000,9056,False,3,60278,15578,-0.49982,2.48570,-0.49982,2.48570,0
2,1,1,80.00000,1.38919,7.87846,0,True,70.00000,79.50000,-0.50000,9056,False,3,60295,15595,-0.51833,2.42407,-0.51833,2.42407,0
2,1,1,80.00000,1.38919,7.87846,0,True,70.00000,79.50000,-0.50000,9056,False,3,60311,15611,-0.53685,2.38298,-0.53685,2.38298,0
2,1,1,80.00000,1.38919,7.87846,0,True,70.00000,79.50000,-0.50000,9056,False,3,60328,15628,-0.53685,2.32135,-0.53685,2.32135,0
2,1,1,80.00000,1.38919,7.87846,0,True,70.00000,79.50000,-0.50000,9056,False,3,60345,15645,-0.55536,2.23918,-0.55536,2.23918,0
2,1,1,80.00000,1.38919,7.87846,0,True,70.00000,79.50000,-0.50000,9056,False,3,60362,15662,-0.57387,2.19810,-0.57387,2.19810,0
2,1,1,80.00000,1.38919,7.87846,0,True,70.00000,79.50000,-0.50000,9056,False,3,60378,15678,-0.57387,2.13647,-0.57387,2.13647,0
2,1,1,80.00000,1.38919,7.87846,0,True,70.00000,79.50000,-0.50000,9056,False,3,60395,15695,-0.59238,2.05430,-0.59238,2.05430,0
2,1,1,80.00000,1.38919,7.87846,0,True,70.00000,79.50000,-0.50000,9056,False,3,60411,15711,-0.59238,2.01321,-0.59238,2.01321,0
2,1,1,80.00000,1.38919,7.87846,0,True,70.00000,79.50000,-0.50000,9056,False,3,60428,15728,-0.61089,1.95158,-0.61089,1.95158,0
2,1,1,80.00000,1.38919,7.87846,0,True,70.00000,79.50000,-0.50000,9056,False,3,60445,15745,-0.61089,1.91050,-0.61089,1.91050,0
2,1,1,80.00000,1.38919,7.87846,0,True,70.00000,79.50000,-0.50000,9056,False,3,60462,15762,-0.61089,1.86941,-0.61089,1.86941,0
2,1,1,80.00000,1.38919,7.87846,0,True,70.00000,79.50000,-0.50000,9056,False,3,60478,15778,-0.61089,1.82832,-0.61089,1.82832,0
2,1,1,80.00000,1.38919,7.87846,0,True,70.00000,79.50000,-0.50000,9056,False,3,60495,15795,-0.61089,1.78724,-0.61089,1.78724,0
2,1,1,80.00000,1.38919,7.87846,0,True,70.00000,79.50000,-0.50000,9056,False,3,60512,15812,-0.61089,1.74615,-0.61089,1.74615,0
2,1,1,80.00000,1.38919,7.87846,0,True,70.00000,79.50000,-0.50000,9056,False,3,60528,15828,-0.61089,1.70507,-0.61089,1.70507,0
2,1,1,80.00000,1.38919,7.87846,0,True,70.00000,79.50000,-0.50000,9056,False,3,60545,15845,-0.61089,1.68452,-0.61089,1.68452,0
2,1,1,80.00000,1.38919,7.87846,0,True,70.00000,79.50000,-0.50000,9056,False,3,60562,15862,-0.61089,1.64344,-0.61089,1.64344,0
2,1,1,80.00000,1.38919,7.87846,0,True,70.00000,79.50000,-0.50000,9056,False,3,60578,15878,-0.61089,1.58181,-0.61089,1.58181,0
2,1,1,80.00000,1.38919,7.87846,0,True,70.00000,79.50000,-0.50000,9056,False,3,60595,15895,-0.62940,1.54072,-0.62940,1.54072,0
2,1,1,80.00000,1.38919,7.87846,0,True,70.00000,79.50000,-0.50000,9056,False,3,60612,15912,-0.62940,1.49964,-0.62940,1.49964,0
2,1,1,80.00000,1.38919,7.87846,0,True,70.00000,79.50000,-0.50000,9056,False,3,60628,15928,-0.62940,1.45855,-0.62940,1.45855,0
2,1,1,80.00000,1.38919,7.87846,0,True,70.00000,79.50000,-0.50000,9056,False,3,60645,15945,-0.64792,1.41746,-0.64792,1.41746,0
2,1,1,80.00000,1.38919,7.87846,0,True,70.00000,79.50000,-0.50000,9056,False,3,60662,15962,-0.64792,1.35584,-0.64792,1.35584,0
2,1,1,80.00000,1.38919,7.87846,0,True,70.00000,79.50000,-0.50000,9056,False,3,60678,15978,-0.66643,1.33529,-0.66643,1.33529,0
2,1,1,80.00000,1.38919,7.87846,0,True,70.00000,79.50000,-0.50000,9056,False,3,60695,15995,-0.68494,1.29421,-0.68494,1.29421,0
2,1,1,80.00000,1.38919,7.87846,0,True,70.00000,79.50000,-0.50000,9056,False,3,60712,16012,-0.68494,1.25312,-0.68494,1.25312,0
2,1,1,80.00000,1.38919,7.87846,0,True,70.00000,79.50000,-0.50000,9056,False,3,60728,16028,-0.70345,1.21203,-0.70345,1.21203,0
2,1,1,80.00000,1.38919,7.87846,0,True,70.00000,79.50000,-0.50000,9056,False,3,60745,16045,-0.70345,1.17095,-0.70345,1.17095,0
2,1,1,80.00000,1.38919,7.87846,0,True,70.00000,79.50000,-0.50000,9056,False,3,60762,16062,-0.72196,1.12986,-0.72196,1.12986,0
2,1,1,80.00000,1.38919,7.87846,0,True,70.00000,79.50000,-0.50000,9056,False,3,60778,16078,-0.72196,1.08878,-0.72196,1.08878,0
2,1,1,80.00000,1.38919,7.87846,0,True,70.00000,79.50000,-0.50000,9056,False,3,60795,16095,-0.74048,1.04769,-0.74048,1.04769,0
2,1,1,80.00000,1.38919,7.87846,0,True,70.00000,79.50000,-0.50000,9056,False,3,60812,16112,-0.74048,1.00661,-0.74048,1.00661,0
2,1,1,80.00000,1.38919,7.87846,0,True,70.00000,79.50000,-0.50000,9056,False,3,60828,16128,-0.75899,0.96552,-0.75899,0.96552,0
2,1,1,80.00000,1.38919,7.87846,0,True,70.00000,79.50000,-0.50000,9056,False,3,60845,16145,-0.75899,0.92443,-0.75899,0.92443,0
2,1,1,80.00000,1.38919,7.87846,0,True,70.00000,79.50000,-0.50000,9056,False,3,60862,16162,-0.75899,0.88335,-0.75899,0.88335,0
2,1,1,80.00000,1.38919,7.87846,0,True,70.00000,79.50000,-0.50000,9056,False,3,60878,16178,-0.75899,0.84226,-0.75899,0.84226,0
2,1,1,80.00000,1.38919,7.87846,0,True,70.00000,79.50000,-0.50000,9056,False,3,60895,16195,-0.75899,0.82172,-0.75899,0.82172,0
2,1,1,80.00000,1.38919,7.87846,0,True,70.00000,79.50000,-0.50000,9056,False,3,60912,16212,-0.77750,0.78063,-0.77750,0.78063,0
2,1,1,80.00000,1.38919,7.87846,0,True,70.00000,79.50000,-0.50000,9056,False,3,60929,16229,-0.77750,0.71900,-0.77750,0.71900,0
2,1,1,80.00000,1.38919,7.87846,0,True,70.00000,79.50000,-0.50000,9056,False,3,60945,16245,-0.77750,0.67792,-0.77750,0.67792,0
2,1,1,80.00000,1.38919,7.87846,0,True,70.00000,79.50000,-0.50000,9056,False,3,60962,16262,-0.79601,0.63683,-0.79601,0.63683,0
2,1,1,80.00000,1.38919,7.87846,0,True,70.00000,79.50000,-0.50000,9056,False,3,60978,16278,-0.79601,0.59575,-0.79601,0.59575,0
2,1,1,80.00000,1.38919,7.87846,0,True,70.00000,79.50000,-0.50000,9056,False,3,60995,16295,-0.81452,0.57520,-0.81452,0.57520,0
2,1,1,80.00000,1.38919,7.87846,0,True,70.00000,79.50000,-0.50000,9056,False,3,61012,16312,-0.81452,0.53412,-0.81452,0.53412,0
2,1,1,80.00000,1.38919,7.87846,0,True,70.00000,79.50000,-0.50000,9056,False,3,61029,16329,-0.81452,0.49303,-0.81452,0.49303,0
2,1,1,80.00000,1.38919,7.87846,0,True,70.00000,79.50000,-0.50000,9056,False,3,61045,16345,-0.83304,0.45195,-0.83304,0.45195,0
2,1,1,80.00000,1.38919,7.87846,0,True,70.00000,79.50000,-0.50000,9056,False,3,61062,16362,-0.83304,0.41086,-0.83304,0.41086,0
2,1,1,80.00000,1.38919,7.87846,0,True,70.00000,79.50000,-0.50000,9056,False,3,61079,16379,-0.83304,0.36977,-0.83304,0.36977,0
2,1,1,80.00000,1.38919,7.87846,0,True,70.00000,79.50000,-0.50000,9056,False,3,61095,16395,-0.85155,0.34923,-0.85155,0.34923,0
2,1,1,80.00000,1.38919,7.87846,0,True,70.00000,79.50000,-0.50000,9056,False,3,61112,16412,-0.85155,0.30814,-0.85155,0.30814,0
2,1,1,80.00000,1.38919,7.87846,0,True,70.00000,79.50000,-0.50000,9056,False,3,61129,16429,-0.85155,0.28760,-0.85155,0.28760,0
2,1,1,80.00000,1.38919,7.87846,0,True,70.00000,79.50000,-0.50000,9056,False,3,61145,16445,-0.87006,0.26706,-0.87006,0.26706,0
2,1,1,80.00000,1.38919,7.87846,0,True,70.00000,79.50000,-0.50000,9056,False,3,61162,16462,-0.87006,0.24652,-0.87006,0.24652,0
2,1,1,80.00000,1.38919,7.87846,0,True,70.00000,79.50000,-0.50000,9056,False,3,61179,16479,-0.87006,0.22597,-0.87006,0.22597,0
2,1,1,80.00000,1.38919,7.87846,0,True,70.00000,79.50000,-0.50000,9056,False,3,61195,16495,-0.87006,0.20543,-0.87006,0.20543,0
2,1,1,80.00000,1.38919,7.87846,0,True,70.00000,79.50000,-0.50000,9056,False,3,61212,16512,-0.87006,0.18489,-0.87006,0.18489,0
2,1,1,80.00000,1.38919,7.87846,0,True,70.00000,79.50000,-0.50000,9056,False,3,61229,16529,-0.87006,0.18489,-0.87006,0.18489,0
2,1,1,80.00000,1.38919,7.87846,0,True,70.00000,79.50000,-0.50000,9056,False,3,61246,16546,-0.87006,0.16434,-0.87006,0.16434,0
2,1,1,80.00000,1.38919,7.87846,0,True,70.00000,79.50000,-0.50000,9056,False,3,61262,16562,-0.87006,0.14380,-0.87006,0.14380,0
2,1,1,80.00000,1.38919,7.87846,0,True,70.00000,79.50000,-0.50000,9056,False,3,61279,16579,-0.85155,0.14380,-0.85155,0.14380,0
2,1,1,80.00000,1.38919,7.87846,0,True,70.00000,79.50000,-0.50000,9056,False,3,61295,16595,-0.85155,0.12326,-0.85155,0.12326,0
2,1,1,80.00000,1.38919,7.87846,0,True,70.00000,79.50000,-0.50000,9056,False,3,61312,16612,-0.85155,0.10271,-0.85155,0.10271,0
2,1,1,80.00000,1.38919,7.87846,0,True,70.00000,79.50000,-0.50000,9056,False,3,61329,16629,-0.83304,0.10271,-0.83304,0.10271,0
2,1,1,80.00000,1.38919,7.87846,0,True,70.00000,79.50000,-0.50000,9056,False,3,61346,16646,-0.81452,0.10271,-0.81452,0.10271,0
2,1,1,80.00000,1.38919,7.87846,0,True,70.00000,79.50000,-0.50000,9056,False,3,61362,16662,-0.79601,0.08217,-0.79601,0.08217,0
2,1,1,80.00000,1.38919,7.87846,0,True,70.00000,79.50000,-0.50000,9056,False,3,61379,16679,-0.77750,0.08217,-0.77750,0.08217,0
2,1,1,80.00000,1.38919,7.87846,0,True,70.00000,79.50000,-0.50000,9056,False,3,61396,16696,-0.75899,0.08217,-0.75899,0.08217,0
2,1,1,80.00000,1.38919,7.87846,0,True,70.00000,79.50000,-0.50000,9056,False,3,61412,16712,-0.74048,0.08217,-0.74048,0.08217,0
2,1,1,80.00000,1.38919,7.87846,0,True,70.00000,79.50000,-0.50000,9056,False,3,61429,16729,-0.72196,0.06163,-0.72196,0.06163,0
2,1,1,80.00000,1.38919,7.87846,0,True,70.00000,79.50000,-0.50000,9056,False,3,61446,16746,-0.70345,0.06163,-0.70345,0.06163,0
2,1,1,80.00000,1.38919,7.87846,0,True,70.00000,79.50000,-0.50000,9056,False,3,61462,16762,-0.68494,0.06163,-0.68494,0.06163,0
2,1,1,80.00000,1.38919,7.87846,0,True,70.00000,79.50000,-0.50000,9056,False,3,61479,16779,-0.66643,0.06163,-0.66643,0.06163,0
2,1,1,80.00000,1.38919,7.87846,0,True,70.00000,79.50000,-0.50000,9056,False,3,61496,16796,-0.62940,0.06163,-0.62940,0.06163,0
2,1,1,80.00000,1.38919,7.87846,0,True,70.00000,79.50000,-0.50000,9056,False,3,61512,16812,-0.61089,0.08217,-0.61089,0.08217,0
2,1,1,80.00000,1.38919,7.87846,0,True,70.00000,79.50000,-0.50000,9056,False,3,61529,16829,-0.59238,0.08217,-0.59238,0.08217,0
2,1,1,80.00000,1.38919,7.87846,0,True,70.00000,79.50000,-0.50000,9056,False,3,61546,16846,-0.57387,0.08217,-0.57387,0.08217,0
2,1,1,80.00000,1.38919,7.87846,0,True,70.00000,79.50000,-0.50000,9056,False,3,61562,16862,-0.55536,0.08217,-0.55536,0.08217,0
2,1,1,80.00000,1.38919,7.87846,0,True,70.00000,79.50000,-0.50000,9056,False,3,61579,16879,-0.53685,0.08217,-0.53685,0.08217,0
2,1,1,80.00000,1.38919,7.87846,0,True,70.00000,79.50000,-0.50000,9056,False,3,61596,16896,-0.53685,0.08217,-0.53685,0.08217,0
2,1,1,80.00000,1.38919,7.87846,0,True,70.00000,79.50000,-0.50000,9056,False,3,61612,16912,-0.51833,0.08217,-0.51833,0.08217,0
2,1,1,80.00000,1.38919,7.87846,0,True,70.00000,79.50000,-0.50000,9056,False,3,61629,16929,-0.49982,0.08217,-0.49982,0.08217,0
2,1,1,80.00000,1.38919,7.87846,0,True,70.00000,79.50000,-0.50000,9056,False,3,61646,16946,-0.49982,0.08217,-0.49982,0.08217,0
2,1,1,80.00000,1.38919,7.87846,0,True,70.00000,79.50000,-0.50000,9056,False,3,61663,16963,-0.49982,0.08217,-0.49982,0.08217,0
2,1,1,80.00000,1.38919,7.87846,0,True,70.00000,79.50000,-0.50000,9056,False,3,61679,16979,-0.49982,0.08217,-0.49982,0.08217,0
2,1,1,80.00000,1.38919,7.87846,0,True,70.00000,79.50000,-0.50000,9056,False,3,61696,16996,-0.48131,0.06163,-0.48131,0.06163,0
2,1,1,80.00000,1.38919,7.87846,0,True,70.00000,79.50000,-0.50000,9056,False,3,61712,17012,-0.46280,0.06163,-0.46280,0.06163,0
2,1,1,80.00000,1.38919,7.87846,0,True,70.00000,79.50000,-0.50000,9056,False,3,61729,17029,-0.46280,0.06163,-0.46280,0.06163,0
2,1,1,80.00000,1.38919,7.87846,0,True,70.00000,79.50000,-0.50000,9056,False,3,61746,17046,-0.44429,0.06163,-0.44429,0.06163,0
2,1,1,80.00000,1.38919,7.87846,0,True,70.00000,79.50000,-0.50000,9056,False,3,61762,17062,-0.42577,0.06163,-0.42577,0.06163,0
2,1,1,80.00000,1.38919,7.87846,0,True,70.00000,79.50000,-0.50000,9056,False,3,61779,17079,-0.42577,0.06163,-0.42577,0.06163,0
2,1,1,80.00000,1.38919,7.87846,0,True,70.00000,79.50000,-0.50000,9056,False,3,61796,17096,-0.40726,0.06163,-0.40726,0.06163,0
2,1,1,80.00000,1.38919,7.87846,0,True,70.00000,79.50000,-0.50000,9056,False,3,61813,17113,-0.38875,0.06163,-0.38875,0.06163,0
2,1,1,80.00000,1.38919,7.87846,0,True,70.00000,79.50000,-0.50000,9056,False,3,61829,17129,-0.37024,0.08217,-0.37024,0.08217,0
2,1,1,80.00000,1.38919,7.87846,0,True,70.00000,79.50000,-0.50000,9056,False,3,61846,17146,-0.35173,0.08217,-0.35173,0.08217,0
2,1,1,80.00000,1.38919,7.87846,0,True,70.00000,79.50000,-0.50000,9056,False,3,61863,17163,-0.33321,0.08217,-0.33321,0.08217,0
2,1,1,80.00000,1.38919,7.87846,0,True,70.00000,79.50000,-0.50000,9056,False,3,61879,17179,-0.31470,0.08217,-0.31470,0.08217,0
2,1,1,80.00000,1.38919,7.87846,0,True,70.00000,79.50000,-0.50000,9056,False,3,61896,17196,-0.31470,0.08217,-0.31470,0.08217,0
2,1,1,80.00000,1.38919,7.87846,0,True,70.00000,79.50000,-0.50000,9056,False,3,61913,17213,-0.29619,0.06163,-0.29619,0.06163,0
2,1,1,80.00000,1.38919,7.87846,0,True,70.00000,79.50000,-0.50000,9056,False,3,61930,17230,-0.29619,0.06163,-0.29619,0.06163,0
2,1,1,80.00000,1.38919,7.87846,0,True,70.00000,79.50000,-0.50000,9056,False,3,61946,17246,-0.29619,0.06163,-0.29619,0.06163,0
2,1,1,80.00000,1.38919,7.87846,0,True,70.00000,79.50000,-0.50000,9056,False,3,61963,17263,-0.29619,0.06163,-0.29619,0.06163,0
2,1,1,80.00000,1.38919,7.87846,0,True,70.00000,79.50000,-0.50000,9056,False,3,61980,17280,-0.27768,0.06163,-0.27768,0.06163,0
2,1,1,80.00000,1.38919,7.87846,0,True,70.00000,79.50000,-0.50000,9056,False,3,61996,17296,-0.27768,0.06163,-0.27768,0.06163,0
2,1,1,80.00000,1.38919,7.87846,0,True,70.00000,79.50000,-0.50000,9056,False,3,62013,17313,-0.27768,0.06163,-0.27768,0.06163,0
2,1,1,80.00000,1.38919,7.87846,0,True,70.00000,79.50000,-0.50000,9056,False,3,62029,17329,-0.25917,0.06163,-0.25917,0.06163,0
2,1,1,80.00000,1.38919,7.87846,0,True,70.00000,79.50000,-0.50000,9056,False,3,62046,17346,-0.25917,0.06163,-0.25917,0.06163,0
2,1,1,80.00000,1.38919,7.87846,0,True,70.00000,79.50000,-0.50000,9056,False,3,62063,17363,-0.24065,0.06163,-0.24065,0.06163,0
