task_idx,trial_idx,cutrial_no,targetangle_deg,targetx_cm,targety_cm,rotation_deg,doaiming_bool,aimstart_deg,aim_deg,aimdeviation_deg,aimtime_ms,zeroclamped_bool,phase,cutime_ms,time_ms,mousex_cm,mousey_cm,cursorx_cm,cursory_cm,deviation_bool
8,4,92,100.00000,-1.38919,7.87846,-50,True,90.00000,99.25000,-0.75000,3929,False,0,1122816,0,-0.20363,0.16434,-0.00500,0.26163,0
8,4,92,100.00000,-1.38919,7.87846,-50,True,90.00000,99.25000,-0.75000,3929,False,0,1122832,16,-0.20363,0.16434,-0.00500,0.26163,0
8,4,92,100.00000,-1.38919,7.87846,-50,True,90.00000,99.25000,-0.75000,3929,False,0,1122849,33,-0.20363,0.16434,-0.00500,0.26163,0
8,4,92,100.00000,-1.38919,7.87846,-50,True,90.00000,99.25000,-0.75000,3929,False,0,1122866,50,-0.20363,0.16434,-0.00500,0.26163,0
8,4,92,100.00000,-1.38919,7.87846,-50,True,90.00000,99.25000,-0.75000,3929,False,0,1122882,66,-0.20363,0.16434,-0.00500,0.26163,0
8,4,92,100.00000,-1.38919,7.87846,-50,True,90.00000,99.25000,-0.75000,3929,False,0,1122899,83,-0.20363,0.16434,-0.00500,0.26163,0
8,4,92,100.00000,-1.38919,7.87846,-50,True,90.00000,99.25000,-0.75000,3929,False,0,1122916,100,-0.20363,0.16434,-0.00500,0.26163,0
8,4,92,100.00000,-1.38919,7.87846,-50,True,90.00000,99.25000,-0.75000,3929,False,0,1122932,116,-0.20363,0.16434,-0.00500,0.26163,0
8,4,92,100.00000,-1.38919,7.87846,-50,True,90.00000,99.25000,-0.75000,3929,False,0,1122949,133,-0.20363,0.16434,-0.00500,0.26163,0
8,4,92,100.00000,-1.38919,7.87846,-50,True,90.00000,99.25000,-0.75000,3929,False,0,1122966,150,-0.20363,0.16434,-0.00500,0.26163,0
8,4,92,100.00000,-1.38919,7.87846,-50,True,90.00000,99.25000,-0.75000,3929,False,0,1122982,166,-0.20363,0.16434,-0.00500,0.26163,0
8,4,92,100.00000,-1.38919,7.87846,-50,True,90.00000,99.25000,-0.75000,3929,False,0,1122999,183,-0.20363,0.16434,-0.00500,0.26163,0
8,4,92,100.00000,-1.38919,7.87846,-50,True,90.00000,99.25000,-0.75000,3929,False,0,1123016,200,-0.20363,0.16434,-0.00500,0.26163,0
8,4,92,100.00000,-1.38919,7.87846,-50,True,90.00000,99.25000,-0.75000,3929,False,0,1123032,216,-0.20363,0.16434,-0.00500,0.26163,0
8,4,92,100.00000,-1.38919,7.87846,-50,True,90.00000,99.25000,-0.75000,3929,False,0,1123049,233,-0.20363,0.16434,-0.00500,0.26163,0
8,4,92,100.00000,-1.38919,7.87846,-50,True,90.00000,99.25000,-0.75000,3929,False,0,1123066,250,-0.20363,0.16434,-0.00500,0.26163,0
8,4,92,100.00000,-1.38919,7.87846,-50,True,90.00000,99.25000,-0.75000,3929,False,0,1123083,267,-0.20363,0.16434,-0.00500,0.26163,0
8,4,92,100.00000,-1.38919,7.87846,-50,True,90.00000,99.25000,-0.75000,3929,False,0,1123099,283,-0.20363,0.16434,-0.00500,0.26163,0
8,4,92,100.00000,-1.38919,7.87846,-50,True,90.00000,99.25000,-0.75000,3929,False,0,1123116,300,-0.20363,0.16434,-0.00500,0.26163,0
8,4,92,100.00000,-1.38919,7.87846,-50,True,90.00000,99.25000,-0.75000,3929,False,0,1123132,316,-0.20363,0.16434,-0.00500,0.26163,0
8,4,92,100.00000,-1.38919,7.87846,-50,True,90.00000,99.25000,-0.75000,3929,False,0,1123149,333,-0.20363,0.16434,-0.00500,0.26163,0
8,4,92,100.00000,-1.38919,7.87846,-50,True,90.00000,99.25000,-0.75000,3929,False,0,1123166,350,-0.20363,0.16434,-0.00500,0.26163,0
8,4,92,100.00000,-1.38919,7.87846,-50,True,90.00000,99.25000,-0.75000,3929,False,0,1123183,367,-0.20363,0.16434,-0.00500,0.26163,0
8,4,92,100.00000,-1.38919,7.87846,-50,True,90.00000,99.25000,-0.75000,3929,False,0,1123199,383,-0.22214,0.18489,-0.00116,0.28901,0
8,4,92,100.00000,-1.38919,7.87846,-50,True,90.00000,99.25000,-0.75000,3929,False,0,1123216,400,-0.22214,0.18489,-0.00116,0.28901,0
8,4,92,100.00000,-1.38919,7.87846,-50,True,90.00000,99.25000,-0.75000,3929,False,0,1123232,416,-0.24065,0.22597,0.01842,0.32960,0
8,4,92,100.00000,-1.38919,7.87846,-50,True,90.00000,99.25000,-0.75000,3929,False,0,1123249,433,-0.25917,0.26706,0.03799,0.37020,0
8,4,92,100.00000,-1.38919,7.87846,-50,True,90.00000,99.25000,-0.75000,3929,False,0,1123266,450,-0.27768,0.30814,0.05756,0.41079,0
8,4,92,100.00000,-1.38919,7.87846,-50,True,90.00000,99.25000,-0.75000,3929,False,0,1123282,466,-0.31470,0.34923,0.06524,0.46556,0
8,4,92,100.00000,-1.38919,7.87846,-50,True,90.00000,99.25000,-0.75000,3929,False,0,1123299,483,-0.37024,0.39032,0.06102,0.53451,0
8,4,92,100.00000,-1.38919,7.87846,-50,True,90.00000,99.25000,-0.75000,3929,False,0,1123316,500,-0.42577,0.45195,0.07253,0.61667,0
8,4,92,100.00000,-1.38919,7.87846,-50,True,90.00000,99.25000,-0.75000,3929,False,0,1123332,516,-0.48131,0.47249,0.05257,0.67241,0
8,4,92,100.00000,-1.38919,7.87846,-50,True,90.00000,99.25000,-0.75000,3929,False,0,1123349,533,-0.57387,0.51357,0.02454,0.76973,0
8,4,92,100.00000,-1.38919,7.87846,-50,True,90.00000,99.25000,-0.75000,3929,False,0,1123366,550,-0.64792,0.53412,-0.00732,0.83966,0
8,4,92,100.00000,-1.38919,7.87846,-50,True,90.00000,99.25000,-0.75000,3929,False,0,1123383,567,-0.72196,0.55466,-0.03918,0.90959,0
8,4,92,100.00000,-1.38919,7.87846,-50,True,90.00000,99.25000,-0.75000,3929,False,0,1123399,583,-0.85155,0.59575,-0.09100,1.03526,0
8,4,92,100.00000,-1.38919,7.87846,-50,True,90.00000,99.25000,-0.75000,3929,False,0,1123416,600,-0.92560,0.61629,-0.12286,1.10519,0
8,4,92,100.00000,-1.38919,7.87846,-50,True,90.00000,99.25000,-0.75000,3929,False,0,1123433,617,-0.99964,0.63683,-0.15472,1.17512,0
8,4,92,100.00000,-1.38919,7.87846,-50,True,90.00000,99.25000,-0.75000,3929,False,0,1123449,633,-1.03667,0.65737,-0.16278,1.21669,0
8,4,92,100.00000,-1.38919,7.87846,-50,True,90.00000,99.25000,-0.75000,3929,False,0,1123466,650,-1.05518,0.67792,-0.15894,1.24407,0
8,4,92,100.00000,-1.38919,7.87846,-50,True,90.00000,99.25000,-0.75000,3929,False,0,1123483,667,-1.07369,0.67792,-0.17084,1.25825,0
8,4,92,100.00000,-1.38919,7.87846,-50,True,90.00000,99.25000,-0.75000,3929,False,0,1123499,683,-1.07369,0.67792,-0.17084,1.25825,0
8,4,92,100.00000,-1.38919,7.87846,-50,True,90.00000,99.25000,-0.75000,3929,False,0,1123516,700,-1.07369,0.67792,-0.17084,1.25825,0
8,4,92,100.00000,-1.38919,7.87846,-50,True,90.00000,99.25000,-0.75000,3929,False,0,1123533,717,-1.05518,0.65737,-0.17468,1.23087,0
8,4,92,100.00000,-1.38919,7.87846,-50,True,90.00000,99.25000,-0.75000,3929,False,0,1123549,733,-1.03667,0.63683,-0.17852,1.20348,0
8,4,92,100.00000,-1.38919,7.87846,-50,True,90.00000,99.25000,-0.75000,3929,False,0,1123566,750,-0.98113,0.59575,-0.17429,1.13453,0
8,4,92,100.00000,-1.38919,7.87846,-50,True,90.00000,99.25000,-0.75000,3929,False,0,1123583,767,-0.92560,0.55466,-0.17007,1.06558,0
8,4,92,100.00000,-1.38919,7.87846,-50,True,90.00000,99.25000,-0.75000,3929,False,0,1123600,784,-0.87006,0.51357,-0.16584,0.99662,0
8,4,92,100.00000,-1.38919,7.87846,-50,True,90.00000,99.25000,-0.75000,3929,False,0,1123616,800,-0.83304,0.47249,-0.17352,0.94185,0
8,4,92,100.00000,-1.38919,7.87846,-50,True,90.00000,99.25000,-0.75000,3929,False,0,1123633,817,-0.75899,0.43140,-0.15739,0.85872,0
8,4,92,100.00000,-1.38919,7.87846,-50,True,90.00000,99.25000,-0.75000,3929,False,0,1123650,834,-0.66643,0.39032,-0.12937,0.76140,0
8,4,92,100.00000,-1.38919,7.87846,-50,True,90.00000,99.25000,-0.75000,3929,False,0,1123666,850,-0.57387,0.32869,-0.11709,0.65089,0
8,4,92,100.00000,-1.38919,7.87846,-50,True,90.00000,99.25000,-0.75000,3929,False,0,1123683,867,-0.49982,0.30814,-0.08523,0.58096,0
8,4,92,100.00000,-1.38919,7.87846,-50,True,90.00000,99.25000,-0.75000,3929,False,0,1123699,883,-0.42577,0.26706,-0.06910,0.49782,0
8,4,92,100.00000,-1.38919,7.87846,-50,True,90.00000,99.25000,-0.75000,3929,False,0,1123716,900,-0.38875,0.24652,-0.06104,0.45626,0
8,4,92,100.00000,-1.38919,7.87846,-50,True,90.00000,99.25000,-0.75000,3929,False,0,1123733,917,-0.33321,0.22597,-0.04108,0.40051,0
8,4,92,100.00000,-1.38919,7.87846,-50,True,90.00000,99.25000,-0.75000,3929,False,0,1123750,934,-0.29619,0.20543,-0.03302,0.35894,0
8,4,92,100.00000,-1.38919,7.87846,-50,True,90.00000,99.25000,-0.75000,3929,False,0,1123766,950,-0.25917,0.18489,-0.02496,0.31738,0
8,4,92,100.00000,-1.38919,7.87846,-50,True,90.00000,99.25000,-0.75000,3929,False,0,1123783,967,-0.24065,0.16434,-0.02880,0.28999,0
8,4,92,100.00000,-1.38919,7.87846,-50,True,90.00000,99.25000,-0.75000,3929,False,0,1123800,984,-0.22214,0.14380,-0.03263,0.26260,0
8,4,92,100.00000,-1.38919,7.87846,-50,True,90.00000,99.25000,-0.75000,3929,False,0,1123816,1000,-0.18512,0.12326,-0.02457,0.22104,0
8,4,92,100.00000,-1.38919,7.87846,-50,True,90.00000,99.25000,-0.75000,3929,False,1,1123833,1017,-0.18512,0.10271,-0.04031,0.20783,0
8,4,92,100.00000,-1.38919,7.87846,-50,True,90.00000,99.25000,-0.75000,3929,False,1,1123850,1034,-0.16661,0.08217,-0.04415,0.18045,0
8,4,92,100.00000,-1.38919,7.87846,-50,True,90.00000,99.25000,-0.75000,3929,False,1,1123866,1050,-0.14810,0.08217,-0.03225,0.16627,0
8,4,92,100.00000,-1.38919,7.87846,-50,True,90.00000,99.25000,-0.75000,3929,False,1,1123883,1067,-0.14810,0.06163,-0.04798,0.15306,0
8,4,92,100.00000,-1.38919,7.87846,-50,True,90.00000,99.25000,-0.75000,3929,False,1,1123900,1084,-0.14810,0.06163,-0.04798,0.15306,0
8,4,92,100.00000,-1.38919,7.87846,-50,True,90.00000,99.25000,-0.75000,3929,False,1,1123916,1100,-0.14810,0.06163,-0.04798,0.15306,0
8,4,92,100.00000,-1.38919,7.87846,-50,True,90.00000,99.25000,-0.75000,3929,False,1,1123933,1117,-0.12958,0.06163,-0.03608,0.13888,0
8,4,92,100.00000,-1.38919,7.87846,-50,True,90.00000,99.25000,-0.75000,3929,False,1,1123950,1134,-0.11107,0.06163,-0.02418,0.12470,0
8,4,92,100.00000,-1.38919,7.87846,-50,True,90.00000,99.25000,-0.75000,3929,False,1,1123966,1150,-0.09256,0.06163,-0.01229,0.11052,0
8,4,92,100.00000,-1.38919,7.87846,-50,True,90.00000,99.25000,-0.75000,3929,False,1,1123983,1167,-0.05554,0.06163,0.01151,0.08216,0
8,4,92,100.00000,-1.38919,7.87846,-50,True,90.00000,99.25000,-0.75000,3929,False,1,1124000,1184,-0.05554,0.06163,0.01151,0.08216,0
8,4,92,100.00000,-1.38919,7.87846,-50,True,90.00000,99.25000,-0.75000,3929,False,1,1124017,1201,-0.03702,0.06163,0.02341,0.06798,0
8,4,92,100.00000,-1.38919,7.87846,-50,True,90.00000,99.25000,-0.75000,3929,False,1,1124033,1217,-0.01851,0.06163,0.03531,0.05380,0
8,4,92,100.00000,-1.38919,7.87846,-50,True,90.00000,99.25000,-0.75000,3929,False,1,1124050,1234,0.00000,0.04109,0.03147,0.02641,0
8,4,92,100.00000,-1.38919,7.87846,-50,True,90.00000,99.25000,-0.75000,3929,False,1,1124066,1250,0.01851,0.04109,0.04337,0.01223,0
8,4,92,100.00000,-1.38919,7.87846,-50,True,90.00000,99.25000,-0.75000,3929,False,1,1124083,1267,0.01851,0.04109,0.04337,0.01223,0
8,4,92,100.00000,-1.38919,7.87846,-50,True,90.00000,99.25000,-0.75000,3929,False,1,1124100,1284,0.03702,0.02054,0.03954,-0.01516,0
8,4,92,100.00000,-1.38919,7.87846,-50,True,90.00000,99.25000,-0.75000,3929,False,1,1124116,1300,0.03702,0.02054,0.03954,-0.01516,0
8,4,92,100.00000,-1.38919,7.87846,-50,True,90.00000,99.25000,-0.75000,3929,False,1,1124133,1317,0.03702,0.02054,0.03954,-0.01516,0
8,4,92,100.00000,-1.38919,7.87846,-50,True,90.00000,99.25000,-0.75000,3929,False,1,1124150,1334,0.03702,0.02054,0.03954,-0.01516,0
8,4,92,100.00000,-1.38919,7.87846,-50,True,90.00000,99.25000,-0.75000,3929,False,1,1124167,1351,0.03702,0.02054,0.03954,-0.01516,0
8,4,92,100.00000,-1.38919,7.87846,-50,True,90.00000,99.25000,-0.75000,3929,False,2,1124183,1367,0.03702,0.02054,0.03954,-0.01516,0
8,4,92,100.00000,-1.38919,7.87846,-50,True,90.00000,99.25000,-0.75000,3929,False,2,1124200,1384,0.03702,0.02054,0.03954,-0.01516,0
8,4,92,100.00000,-1.38919,7.87846,-50,True,90.00000,99.25000,-0.75000,3929,False,2,1124216,1400,0.05554,0.02054,0.05143,-0.02934,0
8,4,92,100.00000,-1.38919,7.87846,-50,True,90.00000,99.25000,-0.75000,3929,False,2,1124233,1417,0.03702,0.04109,0.05527,-0.00195,0
8,4,92,100.00000,-1.38919,7.87846,-50,True,90.00000,99.25000,-0.75000,3929,False,2,1124250,1434,0.03702,0.06163,0.07101,0.01125,0
8,4,92,100.00000,-1.38919,7.87846,-50,True,90.00000,99.25000,-0.75000,3929,False,2,1124266,1450,0.01851,0.08217,0.07485,0.03864,0
8,4,92,100.00000,-1.38919,7.87846,-50,True,90.00000,99.25000,-0.75000,3929,False,2,1124283,1467,0.00000,0.10271,0.07868,0.06602,0
8,4,92,100.00000,-1.38919,7.87846,-50,True,90.00000,99.25000,-0.75000,3929,False,2,1124300,1484,-0.01851,0.12326,0.08252,0.09341,0
8,4,92,100.00000,-1.38919,7.87846,-50,True,90.00000,99.25000,-0.75000,3929,False,2,1124317,1501,-0.05554,0.16434,0.09020,0.14818,0
8,4,92,100.00000,-1.38919,7.87846,-50,True,90.00000,99.25000,-0.75000,3929,False,2,1124333,1517,-0.07405,0.18489,0.09403,0.17557,0
8,4,92,100.00000,-1.38919,7.87846,-50,True,90.00000,99.25000,-0.75000,3929,False,2,1124350,1534,-0.09256,0.20543,0.09787,0.20295,0
8,4,92,100.00000,-1.38919,7.87846,-50,True,90.00000,99.25000,-0.75000,3929,False,2,1124367,1551,-0.11107,0.22597,0.10171,0.23034,0
8,4,92,100.00000,-1.38919,7.87846,-50,True,90.00000,99.25000,-0.75000,3929,False,2,1124383,1567,-0.14810,0.26706,0.10938,0.28511,0
8,4,92,100.00000,-1.38919,7.87846,-50,True,90.00000,99.25000,-0.75000,3929,False,2,1124400,1584,-0.16661,0.30814,0.12896,0.32570,0
8,4,92,100.00000,-1.38919,7.87846,-50,True,90.00000,99.25000,-0.75000,3929,False,2,1124417,1601,-0.18512,0.36977,0.16427,0.37950,0
8,4,92,100.00000,-1.38919,7.87846,-50,True,90.00000,99.25000,-0.75000,3929,False,2,1124433,1617,-0.20363,0.43140,0.19958,0.43329,0
8,4,92,100.00000,-1.38919,7.87846,-50,True,90.00000,99.25000,-0.75000,3929,False,2,1124450,1634,-0.22214,0.49303,0.23489,0.48709,0
8,4,92,100.00000,-1.38919,7.87846,-50,True,90.00000,99.25000,-0.75000,3929,False,2,1124467,1651,-0.24065,0.57520,0.28594,0.55409,0
8,4,92,100.00000,-1.38919,7.87846,-50,True,90.00000,99.25000,-0.75000,3929,False,2,1124484,1668,-0.27768,0.67792,0.34083,0.64847,0
8,4,92,100.00000,-1.38919,7.87846,-50,True,90.00000,99.25000,-0.75000,3929,False,2,1124500,1684,-0.29619,0.73955,0.37614,0.70227,0
8,4,92,100.00000,-1.38919,7.87846,-50,True,90.00000,99.25000,-0.75000,3929,False,2,1124517,1701,-0.31470,0.82172,0.42719,0.76927,0
8,4,92,100.00000,-1.38919,7.87846,-50,True,90.00000,99.25000,-0.75000,3929,False,2,1124534,1718,-0.35173,0.90389,0.46633,0.85045,0
8,4,92,100.00000,-1.38919,7.87846,-50,True,90.00000,99.25000,-0.75000,3929,False,2,1124550,1734,-0.38875,0.96552,0.48975,0.91842,0
8,4,92,100.00000,-1.38919,7.87846,-50,True,90.00000,99.25000,-0.75000,3929,False,2,1124567,1751,-0.42577,1.06823,0.54463,1.01281,0
8,4,92,100.00000,-1.38919,7.87846,-50,True,90.00000,99.25000,-0.75000,3929,False,2,1124584,1768,-0.48131,1.12986,0.55615,1.09497,0
8,4,92,100.00000,-1.38919,7.87846,-50,True,90.00000,99.25000,-0.75000,3929,False,2,1124600,1784,-0.53685,1.17095,0.55192,1.16392,0
8,4,92,100.00000,-1.38919,7.87846,-50,True,90.00000,99.25000,-0.75000,3929,False,2,1124617,1801,-0.62940,1.25312,0.55537,1.28764,0
8,4,92,100.00000,-1.38919,7.87846,-50,True,90.00000,99.25000,-0.75000,3929,False,2,1124634,1818,-0.68494,1.29421,0.55115,1.35659,0
8,4,92,100.00000,-1.38919,7.87846,-50,True,90.00000,99.25000,-0.75000,3929,False,2,1124650,1834,-0.79601,1.35584,0.52696,1.48129,0
8,4,92,100.00000,-1.38919,7.87846,-50,True,90.00000,99.25000,-0.75000,3929,False,2,1124667,1851,-0.90708,1.41746,0.50278,1.60599,0
8,4,92,100.00000,-1.38919,7.87846,-50,True,90.00000,99.25000,-0.75000,3929,False,2,1124683,1867,-1.01815,1.45855,0.46286,1.71749,0
8,4,92,100.00000,-1.38919,7.87846,-50,True,90.00000,99.25000,-0.75000,3929,False,2,1124700,1884,-1.12923,1.47909,0.40720,1.81578,0
8,4,92,100.00000,-1.38919,7.87846,-50,True,90.00000,99.25000,-0.75000,3929,False,2,1124717,1901,-1.27732,1.52018,0.34348,1.95564,0
8,4,92,100.00000,-1.38919,7.87846,-50,True,90.00000,99.25000,-0.75000,3929,False,2,1124734,1918,-1.38839,1.54072,0.28782,2.05393,1
8,4,92,100.00000,-1.38919,7.87846,-50,True,90.00000,99.25000,-0.75000,3929,False,2,1124750,1934,-1.51798,1.56127,0.22026,2.16640,0
8,4,92,100.00000,-1.38919,7.87846,-50,True,90.00000,99.25000,-0.75000,3929,False,2,1124767,1951,-1.64756,1.58181,0.15270,2.27887,0
8,4,92,100.00000,-1.38919,7.87846,-50,True,90.00000,99.25000,-0.75000,3929,False,2,1124784,1968,-1.77714,1.58181,0.06941,2.37814,0
8,4,92,100.00000,-1.38919,7.87846,-50,True,90.00000,99.25000,-0.75000,3929,False,2,1124800,1984,-1.90673,1.58181,-0.01388,2.47740,0
8,4,92,100.00000,-1.38919,7.87846,-50,True,90.00000,99.25000,-0.75000,3929,False,2,1124817,2001,-1.99929,1.58181,-0.07338,2.54831,0
8,4,92,100.00000,-1.38919,7.87846,-50,True,90.00000,99.25000,-0.75000,3929,False,2,1124834,2018,-2.09185,1.58181,-0.13288,2.61921,0
8,4,92,100.00000,-1.38919,7.87846,-50,True,90.00000,99.25000,-0.75000,3929,False,2,1124850,2034,-2.18440,1.58181,-0.19237,2.69012,0
8,4,92,100.00000,-1.38919,7.87846,-50,True,90.00000,99.25000,-0.75000,3929,False,2,1124867,2051,-2.29548,1.56127,-0.27951,2.76200,0
8,4,92,100.00000,-1.38919,7.87846,-50,True,90.00000,99.25000,-0.75000,3929,False,2,1124884,2068,-2.35101,1.54072,-0.33094,2.79134,0
8,4,92,100.00000,-1.38919,7.87846,-50,True,90.00000,99.25000,-0.75000,3929,False,2,1124900,2084,-2.44357,1.52018,-0.40617,2.84904,0
8,4,92,100.00000,-1.38919,7.87846,-50,True,90.00000,99.25000,-0.75000,3929,False,2,1124917,2101,-2.49911,1.49964,-0.45761,2.87837,0
8,4,92,100.00000,-1.38919,7.87846,-50,True,90.00000,99.25000,-0.75000,3929,False,2,1124934,2118,-2.55464,1.47909,-0.50904,2.90771,0
8,4,92,100.00000,-1.38919,7.87846,-50,True,90.00000,99.25000,-0.75000,3929,False,2,1124951,2135,-2.62869,1.45855,-0.57238,2.95123,0
8,4,92,100.00000,-1.38919,7.87846,-50,True,90.00000,99.25000,-0.75000,3929,False,2,1124967,2151,-2.64720,1.43801,-0.60001,2.95221,0
8,4,92,100.00000,-1.38919,7.87846,-50,True,90.00000,99.25000,-0.75000,3929,False,2,1124984,2168,-2.68423,1.39692,-0.65528,2.95416,0
8,4,92,100.00000,-1.38919,7.87846,-50,True,90.00000,99.25000,-0.75000,3929,False,2,1125001,2185,-2.72125,1.37638,-0.69482,2.96932,0
8,4,92,100.00000,-1.38919,7.87846,-50,True,90.00000,99.25000,-0.75000,3929,False,2,1125017,2201,-2.73976,1.35584,-0.72245,2.97029,0
8,4,92,100.00000,-1.38919,7.87846,-50,True,90.00000,99.25000,-0.75000,3929,False,2,1125034,2218,-2.75827,1.33529,-0.75009,2.97127,0
8,4,92,100.00000,-1.38919,7.87846,-50,True,90.00000,99.25000,-0.75000,3929,False,2,1125051,2235,-2.77679,1.31475,-0.77773,2.97225,0
8,4,92,100.00000,-1.38919,7.87846,-50,True,90.00000,99.25000,-0.75000,3929,False,2,1125067,2251,-2.79530,1.31475,-0.78963,2.98643,0
8,4,92,100.00000,-1.38919,7.87846,-50,True,90.00000,99.25000,-0.75000,3929,False,2,1125084,2268,-2.83232,1.29421,-0.82916,3.00158,0
8,4,92,100.00000,-1.38919,7.87846,-50,True,90.00000,99.25000,-0.75000,3929,False,2,1125101,2285,-2.86935,1.27366,-0.86870,3.01674,0
8,4,92,100.00000,-1.38919,7.87846,-50,True,90.00000,99.25000,-0.75000,3929,False,2,1125117,2301,-2.90637,1.27366,-0.89250,3.04510,0
8,4,92,100.00000,-1.38919,7.87846,-50,True,90.00000,99.25000,-0.75000,3929,False,2,1125134,2318,-2.92488,1.27366,-0.90439,3.05928,0
8,4,92,100.00000,-1.38919,7.87846,-50,True,90.00000,99.25000,-0.75000,3929,False,2,1125151,2335,-2.94339,1.27366,-0.91629,3.07346,0
8,4,92,100.00000,-1.38919,7.87846,-50,True,90.00000,99.25000,-0.75000,3929,False,2,1125167,2351,-2.98042,1.27366,-0.94009,3.10183,0
8,4,92,100.00000,-1.38919,7.87846,-50,True,90.00000,99.25000,-0.75000,3929,False,2,1125184,2368,-3.01744,1.29421,-0.94815,3.14339,0
8,4,92,100.00000,-1.38919,7.87846,-50,True,90.00000,99.25000,-0.75000,3929,False,2,1125201,2385,-3.09149,1.31475,-0.98001,3.21332,0
8,4,92,100.00000,-1.38919,7.87846,-50,True,90.00000,99.25000,-0.75000,3929,False,2,1125217,2401,-3.14702,1.35584,-0.98424,3.28227,0
8,4,92,100.00000,-1.38919,7.87846,-50,True,90.00000,99.25000,-0.75000,3929,False,2,1125234,2418,-3.20256,1.39692,-0.98846,3.35123,0
8,4,92,100.00000,-1.38919,7.87846,-50,True,90.00000,99.25000,-0.75000,3929,False,2,1125251,2435,-3.25810,1.43801,-0.99269,3.42018,0
8,4,92,100.00000,-1.38919,7.87846,-50,True,90.00000,99.25000,-0.75000,3929,False,2,1125267,2451,-3.33214,1.47909,-1.00881,3.50331,0
8,4,92,100.00000,-1.38919,7.87846,-50,True,90.00000,99.25000,-0.75000,3929,False,2,1125284,2468,-3.40619,1.56127,-0.99346,3.61285,0
8,4,92,100.00000,-1.38919,7.87846,-50,True,90.00000,99.25000,-0.75000,3929,False,2,1125301,2485,-3.46173,1.64344,-0.96621,3.70822,0
8,4,92,100.00000,-1.38919,7.87846,-50,True,90.00000,99.25000,-0.75000,3929,False,2,1125317,2501,-3.53577,1.74615,-0.93512,3.83096,0
8,4,92,100.00000,-1.38919,7.87846,-50,True,90.00000,99.25000,-0.75000,3929,False,2,1125334,2518,-3.57280,1.82832,-0.89597,3.91215,0
8,4,92,100.00000,-1.38919,7.87846,-50,True,90.00000,99.25000,-0.75000,3929,False,2,1125351,2535,-3.60982,1.93104,-0.84109,4.00653,0
8,4,92,100.00000,-1.38919,7.87846,-50,True,90.00000,99.25000,-0.75000,3929,False,2,1125368,2552,-3.62833,2.05430,-0.75857,4.09994,0
8,4,92,100.00000,-1.38919,7.87846,-50,True,90.00000,99.25000,-0.75000,3929,False,2,1125384,2568,-3.62833,2.15701,-0.67988,4.16596,0
8,4,92,100.00000,-1.38919,7.87846,-50,True,90.00000,99.25000,-0.75000,3929,False,2,1125401,2585,-3.64685,2.25973,-0.61310,4.24617,0
8,4,92,100.00000,-1.38919,7.87846,-50,True,90.00000,99.25000,-0.75000,3929,False,2,1125417,2601,-3.66536,2.34190,-0.56205,4.31317,0
8,4,92,100.00000,-1.38919,7.87846,-50,True,90.00000,99.25000,-0.75000,3929,False,2,1125434,2618,-3.66536,2.44461,-0.48336,4.37919,0
8,4,92,100.00000,-1.38919,7.87846,-50,True,90.00000,99.25000,-0.75000,3929,False,2,1125451,2635,-3.66536,2.52678,-0.42042,4.43201,0
8,4,92,100.00000,-1.38919,7.87846,-50,True,90.00000,99.25000,-0.75000,3929,False,2,1125468,2652,-3.64685,2.67059,-0.29836,4.51026,0
8,4,92,100.00000,-1.38919,7.87846,-50,True,90.00000,99.25000,-0.75000,3929,False,2,1125484,2668,-3.62833,2.77330,-0.20778,4.56211,0
8,4,92,100.00000,-1.38919,7.87846,-50,True,90.00000,99.25000,-0.75000,3929,False,2,1125501,2685,-3.60982,2.87601,-0.11719,4.61395,0
8,4,92,100.00000,-1.38919,7.87846,-50,True,90.00000,99.25000,-0.75000,3929,False,2,1125518,2702,-3.59131,2.99927,-0.01087,4.67900,0
8,4,92,100.00000,-1.38919,7.87846,-50,True,90.00000,99.25000,-0.75000,3929,False,2,1125534,2718,-3.59131,3.10199,0.06781,4.74502,0
8,4,92,100.00000,-1.38919,7.87846,-50,True,90.00000,99.25000,-0.75000,3929,False,2,1125551,2735,-3.57280,3.22525,0.17413,4.81007,0
8,4,92,100.00000,-1.38919,7.87846,-50,True,90.00000,99.25000,-0.75000,3929,False,2,1125568,2752,-3.59131,3.30742,0.22518,4.87707,0
8,4,92,100.00000,-1.38919,7.87846,-50,True,90.00000,99.25000,-0.75000,3929,False,2,1125584,2768,-3.62833,3.36905,0.24859,4.94505,0
8,4,92,100.00000,-1.38919,7.87846,-50,True,90.00000,99.25000,-0.75000,3929,False,2,1125601,2785,-3.68387,3.43067,0.26010,5.02720,0
8,4,92,100.00000,-1.38919,7.87846,-50,True,90.00000,99.25000,-0.75000,3929,False,2,1125618,2802,-3.77643,3.51285,0.26356,5.15093,0
8,4,92,100.00000,-1.38919,7.87846,-50,True,90.00000,99.25000,-0.75000,3929,False,2,1125634,2818,-3.86899,3.55393,0.23553,5.24824,0
8,4,92,100.00000,-1.38919,7.87846,-50,True,90.00000,99.25000,-0.75000,3929,False,2,1125651,2835,-3.96155,3.57448,0.19177,5.33235,0
8,4,92,100.00000,-1.38919,7.87846,-50,True,90.00000,99.25000,-0.75000,3929,False,2,1125668,2852,-4.05411,3.59502,0.14801,5.41646,0
8,4,92,100.00000,-1.38919,7.87846,-50,True,90.00000,99.25000,-0.75000,3929,False,2,1125684,2868,-4.14667,3.59502,0.08852,5.48736,0
8,4,92,100.00000,-1.38919,7.87846,-50,True,90.00000,99.25000,-0.75000,3929,False,2,1125701,2885,-4.31327,3.61556,-0.00284,5.62820,0
8,4,92,100.00000,-1.38919,7.87846,-50,True,90.00000,99.25000,-0.75000,3929,False,2,1125718,2902,-4.42435,3.61556,-0.07423,5.71328,0
8,4,92,100.00000,-1.38919,7.87846,-50,True,90.00000,99.25000,-0.75000,3929,False,2,1125734,2918,-4.53542,3.61556,-0.14563,5.79837,0
8,4,92,100.00000,-1.38919,7.87846,-50,True,90.00000,99.25000,-0.75000,3929,False,2,1125751,2935,-4.70202,3.59502,-0.26846,5.91279,0
8,4,92,100.00000,-1.38919,7.87846,-50,True,90.00000,99.25000,-0.75000,3929,False,2,1125768,2952,-4.81310,3.59502,-0.33985,5.99788,0
8,4,92,100.00000,-1.38919,7.87846,-50,True,90.00000,99.25000,-0.75000,3929,False,2,1125784,2968,-4.96119,3.59502,-0.43505,6.11133,0
8,4,92,100.00000,-1.38919,7.87846,-50,True,90.00000,99.25000,-0.75000,3929,False,2,1125801,2985,-5.07226,3.59502,-0.50644,6.19641,0
8,4,92,100.00000,-1.38919,7.87846,-50,True,90.00000,99.25000,-0.75000,3929,False,2,1125818,3002,-5.18333,3.57448,-0.59358,6.26829,0
8,4,92,100.00000,-1.38919,7.87846,-50,True,90.00000,99.25000,-0.75000,3929,False,2,1125834,3018,-5.29440,3.57448,-0.66497,6.35338,0
8,4,92,100.00000,-1.38919,7.87846,-50,True,90.00000,99.25000,-0.75000,3929,False,2,1125851,3035,-5.42399,3.57448,-0.74827,6.45264,0
8,4,92,100.00000,-1.38919,7.87846,-50,True,90.00000,99.25000,-0.75000,3929,False,2,1125868,3052,-5.57208,3.55393,-0.85920,6.55289,0
8,4,92,100.00000,-1.38919,7.87846,-50,True,90.00000,99.25000,-0.75000,3929,False,2,1125884,3068,-5.68315,3.53339,-0.94633,6.62477,0
8,4,92,100.00000,-1.38919,7.87846,-50,True,90.00000,99.25000,-0.75000,3929,False,2,1125901,3085,-5.77571,3.53339,-1.00582,6.69567,0
8,4,92,100.00000,-1.38919,7.87846,-50,True,90.00000,99.25000,-0.75000,3929,False,2,1125918,3102,-5.88679,3.51285,-1.09296,6.76755,0
8,4,92,100.00000,-1.38919,7.87846,-50,True,90.00000,99.25000,-0.75000,3929,False,2,1125935,3119,-6.01637,3.47176,-1.20772,6.84041,0
8,4,92,100.00000,-1.38919,7.87846,-50,True,90.00000,99.25000,-0.75000,3929,False,2,1125951,3135,-6.10893,3.45122,-1.28296,6.89811,0
8,4,92,100.00000,-1.38919,7.87846,-50,True,90.00000,99.25000,-0.75000,3929,False,2,1125968,3152,-6.20149,3.43067,-1.35819,6.95581,0
8,4,92,100.00000,-1.38919,7.87846,-50,True,90.00000,99.25000,-0.75000,3929,False,2,1125985,3169,-6.31256,3.41013,-1.44532,7.02769,0
8,4,92,100.00000,-1.38919,7.87846,-50,True,90.00000,99.25000,-0.75000,3929,False,2,1126001,3185,-6.38661,3.38959,-1.50866,7.07121,0
8,4,92,100.00000,-1.38919,7.87846,-50,True,90.00000,99.25000,-0.75000,3929,False,2,1126018,3202,-6.47917,3.36905,-1.58389,7.12891,0
8,4,92,100.00000,-1.38919,7.87846,-50,True,90.00000,99.25000,-0.75000,3929,False,2,1126035,3219,-6.53470,3.36905,-1.61959,7.17145,0
8,4,92,100.00000,-1.38919,7.87846,-50,True,90.00000,99.25000,-0.75000,3929,False,2,1126051,3235,-6.57173,3.36905,-1.64339,7.19981,0
8,4,92,100.00000,-1.38919,7.87846,-50,True,90.00000,99.25000,-0.75000,3929,False,2,1126068,3252,-6.60875,3.36905,-1.66718,7.22818,0
8,4,92,100.00000,-1.38919,7.87846,-50,True,90.00000,99.25000,-0.75000,3929,False,2,1126085,3269,-6.66429,3.36905,-1.70288,7.27072,0
8,4,92,100.00000,-1.38919,7.87846,-50,True,90.00000,99.25000,-0.75000,3929,False,2,1126102,3286,-6.68280,3.36905,-1.71478,7.28490,0
8,4,92,100.00000,-1.38919,7.87846,-50,True,90.00000,99.25000,-0.75000,3929,False,2,1126118,3302,-6.71982,3.36905,-1.73858,7.31326,0
8,4,92,100.00000,-1.38919,7.87846,-50,True,90.00000,99.25000,-0.75000,3929,False,2,1126135,3319,-6.73833,3.36905,-1.75048,7.32744,0
8,4,92,100.00000,-1.38919,7.87846,-50,True,90.00000,99.25000,-0.75000,3929,False,2,1126151,3335,-6.77536,3.36905,-1.77428,7.35581,0
8,4,92,100.00000,-1.38919,7.87846,-50,True,90.00000,99.25000,-0.75000,3929,False,2,1126168,3352,-6.81238,3.36905,-1.79808,7.38417,0
8,4,92,100.00000,-1.38919,7.87846,-50,True,90.00000,99.25000,-0.75000,3929,False,2,1126185,3369,-6.84940,3.36905,-1.82187,7.41253,0
8,4,92,100.00000,-1.38919,7.87846,-50,True,90.00000,99.25000,-0.75000,3929,False,2,1126201,3385,-6.90494,3.36905,-1.85757,7.45507,0
8,4,92,100.00000,-1.38919,7.87846,-50,True,90.00000,99.25000,-0.75000,3929,False,2,1126218,3402,-6.92345,3.34850,-1.88521,7.45605,0
8,4,92,100.00000,-1.38919,7.87846,-50,True,90.00000,99.25000,-0.75000,3929,False,2,1126235,3419,-6.96048,3.34850,-1.90901,7.48441,0
8,4,92,100.00000,-1.38919,7.87846,-50,True,90.00000,99.25000,-0.75000,3929,False,2,1126251,3435,-6.99750,3.34850,-1.93280,7.51277,0
8,4,92,100.00000,-1.38919,7.87846,-50,True,90.00000,99.25000,-0.75000,3929,False,2,1126268,3452,-7.01601,3.34850,-1.94470,7.52695,0
8,4,92,100.00000,-1.38919,7.87846,-50,True,90.00000,99.25000,-0.75000,3929,False,2,1126285,3469,-7.01601,3.34850,-1.94470,7.52695,0
8,4,92,100.00000,-1.38919,7.87846,-50,True,90.00000,99.25000,-0.75000,3929,False,2,1126302,3486,-7.01601,3.34850,-1.94470,7.52695,0
8,4,92,100.00000,-1.38919,7.87846,-50,True,90.00000,99.25000,-0.75000,3929,False,2,1126318,3502,-7.01601,3.34850,-1.94470,7.52695,0
8,4,92,100.00000,-1.38919,7.87846,-50,True,90.00000,99.25000,-0.75000,3929,False,2,1126335,3519,-7.01601,3.34850,-1.94470,7.52695,0
8,4,92,100.00000,-1.38919,7.87846,-50,True,90.00000,99.25000,-0.75000,3929,False,2,1126352,3536,-7.01601,3.34850,-1.94470,7.52695,0
8,4,92,100.00000,-1.38919,7.87846,-50,True,90.00000,99.25000,-0.75000,3929,False,2,1126368,3552,-7.01601,3.34850,-1.94470,7.52695,0
8,4,92,100.00000,-1.38919,7.87846,-50,True,90.00000,99.25000,-0.75000,3929,False,2,1126385,3569,-7.01601,3.36905,-1.92897,7.54016,0
8,4,92,100.00000,-1.38919,7.87846,-50,True,90.00000,99.25000,-0.75000,3929,False,2,1126402,3586,-6.99750,3.38959,-1.90133,7.53918,0
8,4,92,100.00000,-1.38919,7.87846,-50,True,90.00000,99.25000,-0.75000,3929,False,2,1126418,3602,-6.97899,3.38959,-1.88943,7.52500,0
8,4,92,100.00000,-1.38919,7.87846,-50,True,90.00000,99.25000,-0.75000,3929,False,2,1126435,3619,-6.97899,3.41013,-1.87369,7.53821,0
8,4,92,100.00000,-1.38919,7.87846,-50,True,90.00000,99.25000,-0.75000,3929,False,2,1126452,3636,-6.96048,3.41013,-1.86180,7.52402,0
8,4,92,100.00000,-1.38919,7.87846,-50,True,90.00000,99.25000,-0.75000,3929,False,2,1126468,3652,-6.94196,3.43067,-1.83416,7.52305,0
8,4,92,100.00000,-1.38919,7.87846,-50,True,90.00000,99.25000,-0.75000,3929,False,2,1126485,3669,-6.94196,3.43067,-1.83416,7.52305,0
8,4,92,100.00000,-1.38919,7.87846,-50,True,90.00000,99.25000,-0.75000,3929,False,2,1126502,3686,-6.92345,3.45122,-1.80652,7.52207,0
8,4,92,100.00000,-1.38919,7.87846,-50,True,90.00000,99.25000,-0.75000,3929,False,2,1126518,3702,-6.90494,3.47176,-1.77889,7.52110,0
8,4,92,100.00000,-1.38919,7.87846,-50,True,90.00000,99.25000,-0.75000,3929,False,2,1126535,3719,-6.86792,3.49230,-1.73935,7.50594,0
8,4,92,100.00000,-1.38919,7.87846,-50,True,90.00000,99.25000,-0.75000,3929,False,2,1126552,3736,-6.84940,3.51285,-1.71172,7.50496,0
8,4,92,100.00000,-1.38919,7.87846,-50,True,90.00000,99.25000,-0.75000,3929,False,2,1126568,3752,-6.81238,3.51285,-1.68792,7.47660,0
8,4,92,100.00000,-1.38919,7.87846,-50,True,90.00000,99.25000,-0.75000,3929,False,2,1126585,3769,-6.77536,3.53339,-1.64838,7.46144,0
8,4,92,100.00000,-1.38919,7.87846,-50,True,90.00000,99.25000,-0.75000,3929,False,2,1126602,3786,-6.73833,3.55393,-1.60885,7.44629,0
8,4,92,100.00000,-1.38919,7.87846,-50,True,90.00000,99.25000,-0.75000,3929,False,2,1126618,3802,-6.71982,3.55393,-1.59695,7.43211,0
8,4,92,100.00000,-1.38919,7.87846,-50,True,90.00000,99.25000,-0.75000,3929,False,2,1126635,3819,-6.68280,3.57448,-1.55741,7.41695,0
8,4,92,100.00000,-1.38919,7.87846,-50,True,90.00000,99.25000,-0.75000,3929,False,2,1126652,3836,-6.64577,3.59502,-1.51788,7.40179,0
8,4,92,100.00000,-1.38919,7.87846,-50,True,90.00000,99.25000,-0.75000,3929,False,2,1126669,3853,-6.60875,3.59502,-1.49408,7.37343,0
8,4,92,100.00000,-1.38919,7.87846,-50,True,90.00000,99.25000,-0.75000,3929,False,2,1126685,3869,-6.59024,3.61556,-1.46644,7.37245,0
8,4,92,100.00000,-1.38919,7.87846,-50,True,90.00000,99.25000,-0.75000,3929,False,2,1126702,3886,-6.55321,3.61556,-1.44264,7.34409,0
8,4,92,100.00000,-1.38919,7.87846,-50,True,90.00000,99.25000,-0.75000,3929,False,2,1126718,3902,-6.53470,3.63610,-1.41501,7.34312,0
8,4,92,100.00000,-1.38919,7.87846,-50,True,90.00000,99.25000,-0.75000,3929,False,2,1126735,3919,-6.51619,3.65665,-1.38737,7.34214,0
8,4,92,100.00000,-1.38919,7.87846,-50,True,90.00000,99.25000,-0.75000,3929,False,2,1126752,3936,-6.51619,3.65665,-1.38737,7.34214,0
8,4,92,100.00000,-1.38919,7.87846,-50,True,90.00000,99.25000,-0.75000,3929,False,2,1126768,3952,-6.51619,3.65665,-1.38737,7.34214,0
8,4,92,100.00000,-1.38919,7.87846,-50,True,90.00000,99.25000,-0.75000,3929,False,2,1126785,3969,-6.51619,3.67719,-1.37164,7.35534,0
8,4,92,100.00000,-1.38919,7.87846,-50,True,90.00000,99.25000,-0.75000,3929,False,2,1126802,3986,-6.51619,3.67719,-1.37164,7.35534,0
8,4,92,100.00000,-1.38919,7.87846,-50,True,90.00000,99.25000,-0.75000,3929,False,2,1126818,4002,-6.51619,3.69773,-1.35590,7.36855,0
8,4,92,100.00000,-1.38919,7.87846,-50,True,90.00000,99.25000,-0.75000,3929,False,2,1126835,4019,-6.51619,3.71828,-1.34016,7.38175,0
8,4,92,100.00000,-1.38919,7.87846,-50,True,90.00000,99.25000,-0.75000,3929,False,2,1126852,4036,-6.53470,3.71828,-1.35206,7.39593,0
8,4,92,100.00000,-1.38919,7.87846,-50,True,90.00000,99.25000,-0.75000,3929,False,2,1126869,4053,-6.53470,3.73882,-1.33632,7.40914,0
8,4,92,100.00000,-1.38919,7.87846,-50,True,90.00000,99.25000,-0.75000,3929,False,2,1126885,4069,-6.53470,3.75936,-1.32059,7.42234,0
8,4,92,100.00000,-1.38919,7.87846,-50,True,90.00000,99.25000,-0.75000,3929,False,2,1126902,4086,-6.55321,3.77990,-1.31675,7.44973,0
8,4,92,100.00000,-1.38919,7.87846,-50,True,90.00000,99.25000,-0.75000,3929,False,2,1126919,4103,-6.55321,3.80045,-1.30101,7.46293,0
8,4,92,100.00000,-1.38919,7.87846,-50,True,90.00000,99.25000,-0.75000,3929,False,2,1126935,4119,-6.55321,3.82099,-1.28528,7.47614,0
8,4,92,100.00000,-1.38919,7.87846,-50,True,90.00000,99.25000,-0.75000,3929,False,2,1126952,4136,-6.55321,3.82099,-1.28528,7.47614,0
8,4,92,100.00000,-1.38919,7.87846,-50,True,90.00000,99.25000,-0.75000,3929,False,2,1126969,4153,-6.57173,3.84153,-1.28144,7.50352,0
8,4,92,100.00000,-1.38919,7.87846,-50,True,90.00000,99.25000,-0.75000,3929,False,2,1126986,4170,-6.57173,3.86208,-1.26570,7.51673,0
8,4,92,100.00000,-1.38919,7.87846,-50,True,90.00000,99.25000,-0.75000,3929,False,2,1127002,4186,-6.57173,3.90316,-1.23423,7.54314,0
8,4,92,100.00000,-1.38919,7.87846,-50,True,90.00000,99.25000,-0.75000,3929,False,2,1127019,4203,-6.57173,3.92371,-1.21849,7.55634,0
8,4,92,100.00000,-1.38919,7.87846,-50,True,90.00000,99.25000,-0.75000,3929,False,2,1127035,4219,-6.59024,3.94425,-1.21465,7.58373,0
8,4,92,100.00000,-1.38919,7.87846,-50,True,90.00000,99.25000,-0.75000,3929,False,2,1127052,4236,-6.59024,3.94425,-1.21465,7.58373,0
8,4,92,100.00000,-1.38919,7.87846,-50,True,90.00000,99.25000,-0.75000,3929,False,2,1127069,4253,-6.60875,3.96479,-1.21082,7.61112,0
8,4,92,100.00000,-1.38919,7.87846,-50,True,90.00000,99.25000,-0.75000,3929,False,2,1127086,4270,-6.60875,3.98533,-1.19508,7.62432,0
8,4,92,100.00000,-1.38919,7.87846,-50,True,90.00000,99.25000,-0.75000,3929,False,2,1127102,4286,-6.62726,3.98533,-1.20698,7.63850,0
8,4,92,100.00000,-1.38919,7.87846,-50,True,90.00000,99.25000,-0.75000,3929,False,2,1127119,4303,-6.62726,4.00588,-1.19124,7.65171,0
8,4,92,100.00000,-1.38919,7.87846,-50,True,90.00000,99.25000,-0.75000,3929,False,2,1127135,4319,-6.64577,4.02642,-1.18740,7.67909,0
8,4,92,100.00000,-1.38919,7.87846,-50,True,90.00000,99.25000,-0.75000,3929,False,2,1127152,4336,-6.66429,4.02642,-1.19930,7.69327,0
8,4,92,100.00000,-1.38919,7.87846,-50,True,90.00000,99.25000,-0.75000,3929,False,2,1127169,4353,-6.66429,4.04696,-1.18357,7.70648,0
8,4,92,100.00000,-1.38919,7.87846,-50,True,90.00000,99.25000,-0.75000,3929,False,2,1127185,4369,-6.66429,4.04696,-1.18357,7.70648,0
8,4,92,100.00000,-1.38919,7.87846,-50,True,90.00000,99.25000,-0.75000,3929,False,2,1127202,4386,-6.68280,4.04696,-1.19547,7.72066,0
8,4,92,100.00000,-1.38919,7.87846,-50,True,90.00000,99.25000,-0.75000,3929,False,3,1127219,4403,-6.70131,4.06751,-1.19163,7.74804,0
8,4,92,100.00000,-1.38919,7.87846,-50,True,90.00000,99.25000,-0.75000,3929,False,3,1127236,4420,-6.71982,4.08805,-1.18779,7.77543,0
8,4,92,100.00000,-1.38919,7.87846,-50,True,90.00000,99.25000,-0.75000,3929,False,3,1127252,4436,-6.73833,4.08805,-1.19969,7.78961,0
8,4,92,100.00000,-1.38919,7.87846,-50,True,90.00000,99.25000,-0.75000,3929,False,3,1127269,4453,-6.73833,4.08805,-1.19969,7.78961,0
8,4,92,100.00000,-1.38919,7.87846,-50,True,90.00000,99.25000,-0.75000,3929,False,3,1127286,4470,-6.75685,4.10859,-1.19585,7.81700,0
8,4,92,100.00000,-1.38919,7.87846,-50,True,90.00000,99.25000,-0.75000,3929,False,3,1127302,4486,-6.77536,4.10859,-1.20775,7.83118,0
8,4,92,100.00000,-1.38919,7.87846,-50,True,90.00000,99.25000,-0.75000,3929,False,3,1127319,4503,-6.79387,4.10859,-1.21965,7.84536,0
8,4,92,100.00000,-1.38919,7.87846,-50,True,90.00000,99.25000,-0.75000,3929,False,3,1127336,4520,-6.79387,4.10859,-1.21965,7.84536,0
8,4,92,100.00000,-1.38919,7.87846,-50,True,90.00000,99.25000,-0.75000,3929,False,3,1127352,4536,-6.81238,4.12914,-1.21581,7.87274,0
8,4,92,100.00000,-1.38919,7.87846,-50,True,90.00000,99.25000,-0.75000,3929,False,3,1127369,4553,-6.83089,4.12914,-1.22771,7.88692,0
8,4,92,100.00000,-1.38919,7.87846,-50,True,90.00000,99.25000,-0.75000,3929,False,3,1127385,4569,-6.84940,4.12914,-1.23961,7.90111,0
8,4,92,100.00000,-1.38919,7.87846,-50,True,90.00000,99.25000,-0.75000,3929,False,3,1127402,4586,-6.84940,4.12914,-1.23961,7.90111,0
8,4,92,100.00000,-1.38919,7.87846,-50,True,90.00000,99.25000,-0.75000,3929,False,3,1127419,4603,-6.86792,4.10859,-1.26725,7.90208,0
8,4,92,100.00000,-1.38919,7.87846,-50,True,90.00000,99.25000,-0.75000,3929,False,3,1127436,4620,-6.86792,4.10859,-1.26725,7.90208,0
8,4,92,100.00000,-1.38919,7.87846,-50,True,90.00000,99.25000,-0.75000,3929,False,3,1127452,4636,-6.88643,4.10859,-1.27915,7.91626,0
8,4,92,100.00000,-1.38919,7.87846,-50,True,90.00000,99.25000,-0.75000,3929,False,3,1127469,4653,-6.88643,4.08805,-1.29488,7.90306,0
8,4,92,100.00000,-1.38919,7.87846,-50,True,90.00000,99.25000,-0.75000,3929,False,3,1127486,4670,-6.90494,4.08805,-1.30678,7.91724,0
8,4,92,100.00000,-1.38919,7.87846,-50,True,90.00000,99.25000,-0.75000,3929,False,3,1127503,4687,-6.90494,4.08805,-1.30678,7.91724,0
8,4,92,100.00000,-1.38919,7.87846,-50,True,90.00000,99.25000,-0.75000,3929,False,3,1127519,4703,-6.90494,4.06751,-1.32252,7.90403,0
8,4,92,100.00000,-1.38919,7.87846,-50,True,90.00000,99.25000,-0.75000,3929,False,3,1127536,4720,-6.88643,4.06751,-1.31062,7.88985,0
8,4,92,100.00000,-1.38919,7.87846,-50,True,90.00000,99.25000,-0.75000,3929,False,3,1127553,4737,-6.88643,4.04696,-1.32636,7.87665,0
8,4,92,100.00000,-1.38919,7.87846,-50,True,90.00000,99.25000,-0.75000,3929,False,3,1127569,4753,-6.86792,4.04696,-1.31446,7.86247,0
8,4,92,100.00000,-1.38919,7.87846,-50,True,90.00000,99.25000,-0.75000,3929,False,3,1127586,4770,-6.86792,4.02642,-1.33019,7.84926,0
8,4,92,100.00000,-1.38919,7.87846,-50,True,90.00000,99.25000,-0.75000,3929,False,3,1127602,4786,-6.84940,4.00588,-1.33403,7.82188,0
8,4,92,100.00000,-1.38919,7.87846,-50,True,90.00000,99.25000,-0.75000,3929,False,3,1127619,4803,-6.83089,3.98533,-1.33787,7.79449,0
8,4,92,100.00000,-1.38919,7.87846,-50,True,90.00000,99.25000,-0.75000,3929,False,3,1127636,4820,-6.81238,3.96479,-1.34171,7.76710,0
8,4,92,100.00000,-1.38919,7.87846,-50,True,90.00000,99.25000,-0.75000,3929,False,3,1127653,4837,-6.81238,3.96479,-1.34171,7.76710,0
8,4,92,100.00000,-1.38919,7.87846,-50,True,90.00000,99.25000,-0.75000,3929,False,3,1127669,4853,-6.79387,3.92371,-1.36128,7.72652,0
8,4,92,100.00000,-1.38919,7.87846,-50,True,90.00000,99.25000,-0.75000,3929,False,3,1127686,4870,-6.77536,3.90316,-1.36512,7.69913,0
8,4,92,100.00000,-1.38919,7.87846,-50,True,90.00000,99.25000,-0.75000,3929,False,3,1127703,4887,-6.75685,3.84153,-1.40043,7.64533,0
8,4,92,100.00000,-1.38919,7.87846,-50,True,90.00000,99.25000,-0.75000,3929,False,3,1127719,4903,-6.73833,3.77990,-1.43574,7.59154,0
8,4,92,100.00000,-1.38919,7.87846,-50,True,90.00000,99.25000,-0.75000,3929,False,3,1127736,4920,-6.71982,3.69773,-1.48679,7.52454,0
8,4,92,100.00000,-1.38919,7.87846,-50,True,90.00000,99.25000,-0.75000,3929,False,3,1127752,4936,-6.68280,3.63610,-1.51020,7.45656,0
8,4,92,100.00000,-1.38919,7.87846,-50,True,90.00000,99.25000,-0.75000,3929,False,3,1127769,4953,-6.62726,3.55393,-1.53745,7.36120,0
8,4,92,100.00000,-1.38919,7.87846,-50,True,90.00000,99.25000,-0.75000,3929,False,3,1127786,4970,-6.55321,3.47176,-1.55280,7.25166,0
8,4,92,100.00000,-1.38919,7.87846,-50,True,90.00000,99.25000,-0.75000,3929,False,3,1127803,4987,-6.49768,3.41013,-1.56431,7.16950,0
8,4,92,100.00000,-1.38919,7.87846,-50,True,90.00000,99.25000,-0.75000,3929,False,3,1127819,5003,-6.44214,3.32796,-1.59156,7.07414,0
8,4,92,100.00000,-1.38919,7.87846,-50,True,90.00000,99.25000,-0.75000,3929,False,3,1127836,5020,-6.38661,3.26633,-1.60308,6.99198,0
8,4,92,100.00000,-1.38919,7.87846,-50,True,90.00000,99.25000,-0.75000,3929,False,3,1127853,5037,-6.29405,3.16362,-1.62227,6.85505,0
8,4,92,100.00000,-1.38919,7.87846,-50,True,90.00000,99.25000,-0.75000,3929,False,3,1127869,5053,-6.23851,3.08144,-1.64951,6.75969,0
8,4,92,100.00000,-1.38919,7.87846,-50,True,90.00000,99.25000,-0.75000,3929,False,3,1127886,5070,-6.14595,2.95819,-1.68444,6.60956,0
8,4,92,100.00000,-1.38919,7.87846,-50,True,90.00000,99.25000,-0.75000,3929,False,3,1127903,5087,-6.07190,2.87601,-1.69979,6.50002,0
8,4,92,100.00000,-1.38919,7.87846,-50,True,90.00000,99.25000,-0.75000,3929,False,3,1127919,5103,-6.01637,2.79384,-1.72704,6.40465,0
8,4,92,100.00000,-1.38919,7.87846,-50,True,90.00000,99.25000,-0.75000,3929,False,3,1127936,5120,-5.92381,2.67059,-1.76196,6.25452,0
8,4,92,100.00000,-1.38919,7.87846,-50,True,90.00000,99.25000,-0.75000,3929,False,3,1127953,5137,-5.86827,2.58841,-1.78921,6.15916,0
8,4,92,100.00000,-1.38919,7.87846,-50,True,90.00000,99.25000,-0.75000,3929,False,3,1127970,5154,-5.79423,2.46516,-1.83604,6.02321,0
8,4,92,100.00000,-1.38919,7.87846,-50,True,90.00000,99.25000,-0.75000,3929,False,3,1127986,5170,-5.72018,2.36244,-1.86713,5.90046,0
8,4,92,100.00000,-1.38919,7.87846,-50,True,90.00000,99.25000,-0.75000,3929,False,3,1128003,5187,-5.66464,2.28027,-1.89437,5.80510,0
8,4,92,100.00000,-1.38919,7.87846,-50,True,90.00000,99.25000,-0.75000,3929,False,3,1128019,5203,-5.60911,2.17755,-1.93736,5.69653,0
8,4,92,100.00000,-1.38919,7.87846,-50,True,90.00000,99.25000,-0.75000,3929,False,3,1128036,5220,-5.51655,2.03375,-1.98802,5.53319,0
8,4,92,100.00000,-1.38919,7.87846,-50,True,90.00000,99.25000,-0.75000,3929,False,3,1128053,5237,-5.46101,1.93104,-2.03101,5.42463,0
8,4,92,100.00000,-1.38919,7.87846,-50,True,90.00000,99.25000,-0.75000,3929,False,3,1128070,5254,-5.38696,1.82832,-2.06210,5.30188,0
8,4,92,100.00000,-1.38919,7.87846,-50,True,90.00000,99.25000,-0.75000,3929,False,3,1128086,5270,-5.31292,1.70507,-2.10892,5.16593,0
8,4,92,100.00000,-1.38919,7.87846,-50,True,90.00000,99.25000,-0.75000,3929,False,3,1128103,5287,-5.23887,1.62289,-2.12427,5.05638,0
8,4,92,100.00000,-1.38919,7.87846,-50,True,90.00000,99.25000,-0.75000,3929,False,3,1128119,5303,-5.16482,1.49964,-2.17110,4.92043,0
8,4,92,100.00000,-1.38919,7.87846,-50,True,90.00000,99.25000,-0.75000,3929,False,3,1128136,5320,-5.09077,1.41746,-2.18645,4.81089,0
8,4,92,100.00000,-1.38919,7.87846,-50,True,90.00000,99.25000,-0.75000,3929,False,3,1128153,5337,-5.03524,1.33529,-2.21370,4.71553,0
8,4,92,100.00000,-1.38919,7.87846,-50,True,90.00000,99.25000,-0.75000,3929,False,3,1128169,5353,-4.94268,1.21203,-2.24862,4.56539,0
8,4,92,100.00000,-1.38919,7.87846,-50,True,90.00000,99.25000,-0.75000,3929,False,3,1128186,5370,-4.86863,1.12986,-2.26397,4.45585,0
8,4,92,100.00000,-1.38919,7.87846,-50,True,90.00000,99.25000,-0.75000,3929,False,3,1128203,5387,-4.75756,1.02715,-2.27126,4.30474,0
8,4,92,100.00000,-1.38919,7.87846,-50,True,90.00000,99.25000,-0.75000,3929,False,3,1128220,5404,-4.68351,0.92443,-2.30235,4.18199,0
8,4,92,100.00000,-1.38919,7.87846,-50,True,90.00000,99.25000,-0.75000,3929,False,3,1128236,5420,-4.60946,0.84226,-2.31770,4.07245,0
8,4,92,100.00000,-1.38919,7.87846,-50,True,90.00000,99.25000,-0.75000,3929,False,3,1128253,5437,-4.53542,0.76009,-2.33305,3.96291,0
8,4,92,100.00000,-1.38919,7.87846,-50,True,90.00000,99.25000,-0.75000,3929,False,3,1128270,5454,-4.44286,0.65737,-2.35224,3.82598,0
8,4,92,100.00000,-1.38919,7.87846,-50,True,90.00000,99.25000,-0.75000,3929,False,3,1128286,5470,-4.36881,0.57520,-2.36759,3.71644,0
8,4,92,100.00000,-1.38919,7.87846,-50,True,90.00000,99.25000,-0.75000,3929,False,3,1128303,5487,-4.27625,0.47249,-2.38677,3.57951,0
8,4,92,100.00000,-1.38919,7.87846,-50,True,90.00000,99.25000,-0.75000,3929,False,3,1128320,5504,-4.22071,0.39032,-2.41402,3.48414,0
8,4,92,100.00000,-1.38919,7.87846,-50,True,90.00000,99.25000,-0.75000,3929,False,3,1128336,5520,-4.14667,0.30814,-2.42937,3.37460,0
8,4,92,100.00000,-1.38919,7.87846,-50,True,90.00000,99.25000,-0.75000,3929,False,3,1128353,5537,-4.05411,0.16434,-2.48004,3.21126,0
8,4,92,100.00000,-1.38919,7.87846,-50,True,90.00000,99.25000,-0.75000,3929,False,3,1128370,5554,-3.98006,0.08217,-2.49539,3.10172,0
8,4,92,100.00000,-1.38919,7.87846,-50,True,90.00000,99.25000,-0.75000,3929,False,3,1128386,5570,-3.92452,-0.02054,-2.53837,2.99315,0
8,4,92,100.00000,-1.38919,7.87846,-50,True,90.00000,99.25000,-0.75000,3929,False,3,1128403,5587,-3.83196,-0.10271,-2.54182,2.86943,0
8,4,92,100.00000,-1.38919,7.87846,-50,True,90.00000,99.25000,-0.75000,3929,False,3,1128420,5604,-3.73940,-0.22597,-2.57675,2.71930,0
8,4,92,100.00000,-1.38919,7.87846,-50,True,90.00000,99.25000,-0.75000,3929,False,3,1128437,5621,-3.66536,-0.30814,-2.59210,2.60975,0
8,4,92,100.00000,-1.38919,7.87846,-50,True,90.00000,99.25000,-0.75000,3929,False,3,1128453,5637,-3.57280,-0.43140,-2.62702,2.45962,0
8,4,92,100.00000,-1.38919,7.87846,-50,True,90.00000,99.25000,-0.75000,3929,False,3,1128470,5654,-3.51726,-0.51357,-2.65427,2.36426,0
8,4,92,100.00000,-1.38919,7.87846,-50,True,90.00000,99.25000,-0.75000,3929,False,3,1128486,5670,-3.44321,-0.59575,-2.66962,2.25472,0
8,4,92,100.00000,-1.38919,7.87846,-50,True,90.00000,99.25000,-0.75000,3929,False,3,1128503,5687,-3.36917,-0.69846,-2.70071,2.13197,0
8,4,92,100.00000,-1.38919,7.87846,-50,True,90.00000,99.25000,-0.75000,3929,False,3,1128520,5704,-3.31363,-0.76009,-2.71222,2.04981,0
8,4,92,100.00000,-1.38919,7.87846,-50,True,90.00000,99.25000,-0.75000,3929,False,3,1128537,5721,-3.23958,-0.86280,-2.74331,1.92706,0
8,4,92,100.00000,-1.38919,7.87846,-50,True,90.00000,99.25000,-0.75000,3929,False,3,1128553,5737,-3.16554,-0.92443,-2.74292,1.83073,0
8,4,92,100.00000,-1.38919,7.87846,-50,True,90.00000,99.25000,-0.75000,3929,False,3,1128570,5754,-3.11000,-0.98606,-2.75444,1.74857,0
8,4,92,100.00000,-1.38919,7.87846,-50,True,90.00000,99.25000,-0.75000,3929,False,3,1128587,5771,-3.05446,-1.02715,-2.75021,1.67962,0
8,4,92,100.00000,-1.38919,7.87846,-50,True,90.00000,99.25000,-0.75000,3929,False,3,1128603,5787,-2.99893,-1.06823,-2.74599,1.61067,0
8,4,92,100.00000,-1.38919,7.87846,-50,True,90.00000,99.25000,-0.75000,3929,False,3,1128620,5804,-2.94339,-1.10932,-2.74176,1.54171,0
8,4,92,100.00000,-1.38919,7.87846,-50,True,90.00000,99.25000,-0.75000,3929,False,3,1128637,5821,-2.90637,-1.12986,-2.73370,1.50015,0
8,4,92,100.00000,-1.38919,7.87846,-50,True,90.00000,99.25000,-0.75000,3929,False,3,1128653,5837,-2.85083,-1.17095,-2.72948,1.43119,0
8,4,92,100.00000,-1.38919,7.87846,-50,True,90.00000,99.25000,-0.75000,3929,False,3,1128670,5854,-2.79530,-1.21203,-2.72526,1.36224,0
8,4,92,100.00000,-1.38919,7.87846,-50,True,90.00000,99.25000,-0.75000,3929,False,3,1128687,5871,-2.73976,-1.25312,-2.72103,1.29329,0
8,4,92,100.00000,-1.38919,7.87846,-50,True,90.00000,99.25000,-0.75000,3929,False,3,1128703,5887,-2.70274,-1.27366,-2.71297,1.25172,0
8,4,92,100.00000,-1.38919,7.87846,-50,True,90.00000,99.25000,-0.75000,3929,False,3,1128720,5904,-2.66571,-1.29421,-2.70491,1.21016,0
8,4,92,100.00000,-1.38919,7.87846,-50,True,90.00000,99.25000,-0.75000,3929,False,3,1128736,5920,-2.62869,-1.33529,-2.71258,1.15538,0
8,4,92,100.00000,-1.38919,7.87846,-50,True,90.00000,99.25000,-0.75000,3929,False,3,1128753,5937,-2.55464,-1.37638,-2.69646,1.07225,0
8,4,92,100.00000,-1.38919,7.87846,-50,True,90.00000,99.25000,-0.75000,3929,False,3,1128770,5954,-2.51762,-1.41746,-2.70414,1.01748,0
8,4,92,100.00000,-1.38919,7.87846,-50,True,90.00000,99.25000,-0.75000,3929,False,3,1128787,5971,-2.48060,-1.43801,-2.69607,0.97591,0
8,4,92,100.00000,-1.38919,7.87846,-50,True,90.00000,99.25000,-0.75000,3929,False,3,1128803,5987,-2.42506,-1.47909,-2.69185,0.90696,0
8,4,92,100.00000,-1.38919,7.87846,-50,True,90.00000,99.25000,-0.75000,3929,False,3,1128820,6004,-2.36952,-1.52018,-2.68763,0.83801,0
8,4,92,100.00000,-1.38919,7.87846,-50,True,90.00000,99.25000,-0.75000,3929,False,3,1128837,6021,-2.31399,-1.56127,-2.68340,0.76906,0
8,4,92,100.00000,-1.38919,7.87846,-50,True,90.00000,99.25000,-0.75000,3929,False,3,1128854,6038,-2.25845,-1.60235,-2.67918,0.70010,0
8,4,92,100.00000,-1.38919,7.87846,-50,True,90.00000,99.25000,-0.75000,3929,False,3,1128870,6054,-2.18440,-1.64344,-2.66305,0.61697,0
8,4,92,100.00000,-1.38919,7.87846,-50,True,90.00000,99.25000,-0.75000,3929,False,3,1128887,6071,-2.12887,-1.68452,-2.65883,0.54802,0
8,4,92,100.00000,-1.38919,7.87846,-50,True,90.00000,99.25000,-0.75000,3929,False,3,1128903,6087,-2.07333,-1.72561,-2.65461,0.47907,0
8,4,92,100.00000,-1.38919,7.87846,-50,True,90.00000,99.25000,-0.75000,3929,False,3,1128920,6104,-1.98077,-1.76669,-2.62658,0.38175,0
8,4,92,100.00000,-1.38919,7.87846,-50,True,90.00000,99.25000,-0.75000,3929,False,3,1128937,6121,-1.92524,-1.80778,-2.62236,0.31280,0
8,4,92,100.00000,-1.38919,7.87846,-50,True,90.00000,99.25000,-0.75000,3929,False,3,1128954,6138,-1.88821,-1.82832,-2.61430,0.27123,0
8,4,92,100.00000,-1.38919,7.87846,-50,True,90.00000,99.25000,-0.75000,3929,False,3,1128970,6154,-1.83268,-1.86941,-2.61007,0.20228,0
8,4,92,100.00000,-1.38919,7.87846,-50,True,90.00000,99.25000,-0.75000,3929,False,3,1128987,6171,-1.77714,-1.91050,-2.60585,0.13333,0
8,4,92,100.00000,-1.38919,7.87846,-50,True,90.00000,99.25000,-0.75000,3929,False,3,1129004,6188,-1.72161,-1.93104,-2.58589,0.07758,0
8,4,92,100.00000,-1.38919,7.87846,-50,True,90.00000,99.25000,-0.75000,3929,False,3,1129020,6204,-1.68458,-1.97212,-2.59356,0.02281,0
8,4,92,100.00000,-1.38919,7.87846,-50,True,90.00000,99.25000,-0.75000,3929,False,3,1129037,6221,-1.62905,-1.99267,-2.57360,-0.03294,0
8,4,92,100.00000,-1.38919,7.87846,-50,True,90.00000,99.25000,-0.75000,3929,False,3,1129054,6238,-1.59202,-2.03375,-2.58128,-0.08771,0
8,4,92,100.00000,-1.38919,7.87846,-50,True,90.00000,99.25000,-0.75000,3929,False,3,1129070,6254,-1.53649,-2.05430,-2.56132,-0.14346,0
8,4,92,100.00000,-1.38919,7.87846,-50,True,90.00000,99.25000,-0.75000,3929,False,3,1129087,6271,-1.49946,-2.07484,-2.55326,-0.18502,0
8,4,92,100.00000,-1.38919,7.87846,-50,True,90.00000,99.25000,-0.75000,3929,False,3,1129104,6288,-1.44393,-2.09538,-2.53330,-0.24077,0
8,4,92,100.00000,-1.38919,7.87846,-50,True,90.00000,99.25000,-0.75000,3929,False,3,1129120,6304,-1.40690,-2.09538,-2.50950,-0.26913,0
8,4,92,100.00000,-1.38919,7.87846,-50,True,90.00000,99.25000,-0.75000,3929,False,3,1129137,6321,-1.38839,-2.09538,-2.49760,-0.28332,0
8,4,92,100.00000,-1.38919,7.87846,-50,True,90.00000,99.25000,-0.75000,3929,False,3,1129154,6338,-1.35137,-2.09538,-2.47380,-0.31168,0
8,4,92,100.00000,-1.38919,7.87846,-50,True,90.00000,99.25000,-0.75000,3929,False,3,1129170,6354,-1.35137,-2.09538,-2.47380,-0.31168,0
8,4,92,100.00000,-1.38919,7.87846,-50,True,90.00000,99.25000,-0.75000,3929,False,3,1129186,6370,-1.33286,-2.09538,-2.46190,-0.32586,0
8,4,92,100.00000,-1.38919,7.87846,-50,True,90.00000,99.25000,-0.75000,3929,False,3,1129203,6387,-1.33286,-2.07484,-2.44616,-0.31265,0
8,4,92,100.00000,-1.38919,7.87846,-50,True,90.00000,99.25000,-0.75000,3929,False,3,1129220,6404,-1.33286,-2.07484,-2.44616,-0.31265,0
8,4,92,100.00000,-1.38919,7.87846,-50,True,90.00000,99.25000,-0.75000,3929,False,3,1129237,6421,-1.33286,-2.05430,-2.43043,-0.29945,0
8,4,92,100.00000,-1.38919,7.87846,-50,True,90.00000,99.25000,-0.75000,3929,False,3,1129253,6437,-1.33286,-2.01321,-2.39895,-0.27304,0
8,4,92,100.00000,-1.38919,7.87846,-50,True,90.00000,99.25000,-0.75000,3929,False,3,1129270,6454,-1.33286,-1.97212,-2.36748,-0.24663,0
8,4,92,100.00000,-1.38919,7.87846,-50,True,90.00000,99.25000,-0.75000,3929,False,3,1129287,6471,-1.33286,-1.93104,-2.33601,-0.22022,0
8,4,92,100.00000,-1.38919,7.87846,-50,True,90.00000,99.25000,-0.75000,3929,False,3,1129304,6488,-1.33286,-1.86941,-2.28879,-0.18061,0
8,4,92,100.00000,-1.38919,7.87846,-50,True,90.00000,99.25000,-0.75000,3929,False,3,1129320,6504,-1.33286,-1.80778,-2.24158,-0.14099,0
8,4,92,100.00000,-1.38919,7.87846,-50,True,90.00000,99.25000,-0.75000,3929,False,3,1129337,6521,-1.33286,-1.74615,-2.19437,-0.10138,0
8,4,92,100.00000,-1.38919,7.87846,-50,True,90.00000,99.25000,-0.75000,3929,False,3,1129354,6538,-1.31435,-1.70507,-2.15100,-0.08915,0
8,4,92,100.00000,-1.38919,7.87846,-50,True,90.00000,99.25000,-0.75000,3929,False,3,1129370,6554,-1.31435,-1.64344,-2.10379,-0.04953,0
8,4,92,100.00000,-1.38919,7.87846,-50,True,90.00000,99.25000,-0.75000,3929,False,3,1129387,6571,-1.31435,-1.58181,-2.05658,-0.00992,0
8,4,92,100.00000,-1.38919,7.87846,-50,True,90.00000,99.25000,-0.75000,3929,False,3,1129404,6588,-1.31435,-1.52018,-2.00937,0.02969,0
8,4,92,100.00000,-1.38919,7.87846,-50,True,90.00000,99.25000,-0.75000,3929,False,3,1129421,6605,-1.31435,-1.45855,-1.96216,0.06931,0
8,4,92,100.00000,-1.38919,7.87846,-50,True,90.00000,99.25000,-0.75000,3929,False,3,1129437,6621,-1.31435,-1.37638,-1.89921,0.12213,0
8,4,92,100.00000,-1.38919,7.87846,-50,True,90.00000,99.25000,-0.75000,3929,False,3,1129454,6638,-1.31435,-1.31475,-1.85200,0.16174,0
8,4,92,100.00000,-1.38919,7.87846,-50,True,90.00000,99.25000,-0.75000,3929,False,3,1129471,6655,-1.31435,-1.25312,-1.80479,0.20136,0
8,4,92,100.00000,-1.38919,7.87846,-50,True,90.00000,99.25000,-0.75000,3929,False,3,1129487,6671,-1.33286,-1.17095,-1.75374,0.26836,0
8,4,92,100.00000,-1.38919,7.87846,-50,True,90.00000,99.25000,-0.75000,3929,False,3,1129504,6688,-1.33286,-1.10932,-1.70653,0.30797,0
8,4,92,100.00000,-1.38919,7.87846,-50,True,90.00000,99.25000,-0.75000,3929,False,3,1129521,6705,-1.33286,-1.04769,-1.65932,0.34758,0
8,4,92,100.00000,-1.38919,7.87846,-50,True,90.00000,99.25000,-0.75000,3929,False,3,1129537,6721,-1.33286,-0.98606,-1.61211,0.38720,0
8,4,92,100.00000,-1.38919,7.87846,-50,True,90.00000,99.25000,-0.75000,3929,False,3,1129554,6738,-1.35137,-0.92443,-1.57680,0.44099,0
8,4,92,100.00000,-1.38919,7.87846,-50,True,90.00000,99.25000,-0.75000,3929,False,3,1129571,6755,-1.36988,-0.86280,-1.54149,0.49479,0
8,4,92,100.00000,-1.38919,7.87846,-50,True,90.00000,99.25000,-0.75000,3929,False,3,1129587,6771,-1.40690,-0.82172,-1.53381,0.54956,0
8,4,92,100.00000,-1.38919,7.87846,-50,True,90.00000,99.25000,-0.75000,3929,False,3,1129604,6788,-1.42542,-0.76009,-1.49850,0.60336,0
8,4,92,100.00000,-1.38919,7.87846,-50,True,90.00000,99.25000,-0.75000,3929,False,3,1129621,6805,-1.44393,-0.71900,-1.47893,0.64395,0
8,4,92,100.00000,-1.38919,7.87846,-50,True,90.00000,99.25000,-0.75000,3929,False,3,1129637,6821,-1.49946,-0.67792,-1.48315,0.71290,0
8,4,92,100.00000,-1.38919,7.87846,-50,True,90.00000,99.25000,-0.75000,3929,False,3,1129654,6838,-1.53649,-0.63683,-1.47548,0.76767,0
8,4,92,100.00000,-1.38919,7.87846,-50,True,90.00000,99.25000,-0.75000,3929,False,3,1129671,6855,-1.55500,-0.59575,-1.45590,0.80826,0
8,4,92,100.00000,-1.38919,7.87846,-50,True,90.00000,99.25000,-0.75000,3929,False,3,1129687,6871,-1.57351,-0.57520,-1.45206,0.83565,0
8,4,92,100.00000,-1.38919,7.87846,-50,True,90.00000,99.25000,-0.75000,3929,False,3,1129704,6888,-1.59202,-0.53412,-1.43249,0.87624,0
8,4,92,100.00000,-1.38919,7.87846,-50,True,90.00000,99.25000,-0.75000,3929,False,3,1129721,6905,-1.59202,-0.51357,-1.41675,0.88944,0
8,4,92,100.00000,-1.38919,7.87846,-50,True,90.00000,99.25000,-0.75000,3929,False,3,1129738,6922,-1.59202,-0.47249,-1.38528,0.91585,0
8,4,92,100.00000,-1.38919,7.87846,-50,True,90.00000,99.25000,-0.75000,3929,False,3,1129754,6938,-1.57351,-0.41086,-1.32617,0.94128,0
8,4,92,100.00000,-1.38919,7.87846,-50,True,90.00000,99.25000,-0.75000,3929,False,3,1129771,6955,-1.53649,-0.36977,-1.27090,0.93933,0
8,4,92,100.00000,-1.38919,7.87846,-50,True,90.00000,99.25000,-0.75000,3929,False,3,1129787,6971,-1.48095,-0.32869,-1.20373,0.92320,0
8,4,92,100.00000,-1.38919,7.87846,-50,True,90.00000,99.25000,-0.75000,3929,False,3,1129804,6988,-1.40690,-0.28760,-1.12466,0.89288,0
8,4,92,100.00000,-1.38919,7.87846,-50,True,90.00000,99.25000,-0.75000,3929,False,3,1129821,7005,-1.31435,-0.22597,-1.01795,0.86159,0
8,4,92,100.00000,-1.38919,7.87846,-50,True,90.00000,99.25000,-0.75000,3929,False,3,1129837,7021,-1.22179,-0.18489,-0.92698,0.81710,0
8,4,92,100.00000,-1.38919,7.87846,-50,True,90.00000,99.25000,-0.75000,3929,False,3,1129854,7038,-1.14774,-0.12326,-0.83217,0.79999,0
8,4,92,100.00000,-1.38919,7.87846,-50,True,90.00000,99.25000,-0.75000,3929,False,3,1129871,7055,-1.07369,-0.08217,-0.75310,0.76968,0
8,4,92,100.00000,-1.38919,7.87846,-50,True,90.00000,99.25000,-0.75000,3929,False,3,1129888,7072,-1.01815,-0.04109,-0.68593,0.75354,0
8,4,92,100.00000,-1.38919,7.87846,-50,True,90.00000,99.25000,-0.75000,3929,False,3,1129904,7088,-0.96262,0.00000,-0.61876,0.73741,0
8,4,92,100.00000,-1.38919,7.87846,-50,True,90.00000,99.25000,-0.75000,3929,False,3,1129921,7105,-0.92560,0.02054,-0.57922,0.72225,0
8,4,92,100.00000,-1.38919,7.87846,-50,True,90.00000,99.25000,-0.75000,3929,False,3,1129938,7122,-0.92560,0.02054,-0.57922,0.72225,0
8,4,92,100.00000,-1.38919,7.87846,-50,True,90.00000,99.25000,-0.75000,3929,False,3,1129954,7138,-0.92560,0.02054,-0.57922,0.72225,0
8,4,92,100.00000,-1.38919,7.87846,-50,True,90.00000,99.25000,-0.75000,3929,False,3,1129971,7155,-0.92560,0.02054,-0.57922,0.72225,0
8,4,92,100.00000,-1.38919,7.87846,-50,True,90.00000,99.25000,-0.75000,3929,False,3,1129988,7172,-0.96262,0.02054,-0.60302,0.75061,0
8,4,92,100.00000,-1.38919,7.87846,-50,True,90.00000,99.25000,-0.75000,3929,False,3,1130005,7189,-1.01815,0.00000,-0.65446,0.77995,0
8,4,92,100.00000,-1.38919,7.87846,-50,True,90.00000,99.25000,-0.75000,3929,False,3,1130021,7205,-1.14774,-0.06163,-0.78496,0.83960,0
8,4,92,100.00000,-1.38919,7.87846,-50,True,90.00000,99.25000,-0.75000,3929,False,3,1130038,7222,-1.24030,-0.08217,-0.86020,0.89730,0
8,4,92,100.00000,-1.38919,7.87846,-50,True,90.00000,99.25000,-0.75000,3929,False,3,1130054,7238,-1.33286,-0.08217,-0.91969,0.96821,0
8,4,92,100.00000,-1.38919,7.87846,-50,True,90.00000,99.25000,-0.75000,3929,False,3,1130071,7255,-1.38839,-0.10271,-0.97113,0.99755,0
8,4,92,100.00000,-1.38919,7.87846,-50,True,90.00000,99.25000,-0.75000,3929,False,3,1130088,7272,-1.44393,-0.10271,-1.00682,1.04009,0
8,4,92,100.00000,-1.38919,7.87846,-50,True,90.00000,99.25000,-0.75000,3929,False,3,1130104,7288,-1.48095,-0.10271,-1.03062,1.06845,0
8,4,92,100.00000,-1.38919,7.87846,-50,True,90.00000,99.25000,-0.75000,3929,False,3,1130121,7305,-1.49946,-0.10271,-1.04252,1.08263,0
8,4,92,100.00000,-1.38919,7.87846,-50,True,90.00000,99.25000,-0.75000,3929,False,3,1130138,7322,-1.51798,-0.08217,-1.03868,1.11002,0
8,4,92,100.00000,-1.38919,7.87846,-50,True,90.00000,99.25000,-0.75000,3929,False,3,1130154,7338,-1.51798,-0.06163,-1.02295,1.12322,0
8,4,92,100.00000,-1.38919,7.87846,-50,True,90.00000,99.25000,-0.75000,3929,False,3,1130171,7355,-1.49946,-0.04109,-0.99531,1.12225,0
8,4,92,100.00000,-1.38919,7.87846,-50,True,90.00000,99.25000,-0.75000,3929,False,3,1130188,7372,-1.48095,-0.04109,-0.98341,1.10807,0
8,4,92,100.00000,-1.38919,7.87846,-50,True,90.00000,99.25000,-0.75000,3929,False,3,1130204,7388,-1.46244,-0.04109,-0.97151,1.09388,0
8,4,92,100.00000,-1.38919,7.87846,-50,True,90.00000,99.25000,-0.75000,3929,False,3,1130221,7405,-1.44393,-0.04109,-0.95961,1.07970,0
8,4,92,100.00000,-1.38919,7.87846,-50,True,90.00000,99.25000,-0.75000,3929,False,3,1130238,7422,-1.40690,-0.06163,-0.95155,1.03814,0
8,4,92,100.00000,-1.38919,7.87846,-50,True,90.00000,99.25000,-0.75000,3929,False,3,1130255,7439,-1.36988,-0.06163,-0.92775,1.00978,0
8,4,92,100.00000,-1.38919,7.87846,-50,True,90.00000,99.25000,-0.75000,3929,False,3,1130271,7455,-1.33286,-0.08217,-0.91969,0.96821,0
8,4,92,100.00000,-1.38919,7.87846,-50,True,90.00000,99.25000,-0.75000,3929,False,3,1130288,7472,-1.29583,-0.08217,-0.89589,0.93985,0
8,4,92,100.00000,-1.38919,7.87846,-50,True,90.00000,99.25000,-0.75000,3929,False,3,1130305,7489,-1.22179,-0.10271,-0.86403,0.86992,0
8,4,92,100.00000,-1.38919,7.87846,-50,True,90.00000,99.25000,-0.75000,3929,False,3,1130321,7505,-1.16625,-0.10271,-0.82834,0.82738,0
8,4,92,100.00000,-1.38919,7.87846,-50,True,90.00000,99.25000,-0.75000,3929,False,3,1130338,7522,-1.09220,-0.10271,-0.78074,0.77065,0
8,4,92,100.00000,-1.38919,7.87846,-50,True,90.00000,99.25000,-0.75000,3929,False,3,1130355,7539,-1.03667,-0.08217,-0.72930,0.74131,0
8,4,92,100.00000,-1.38919,7.87846,-50,True,90.00000,99.25000,-0.75000,3929,False,3,1130371,7555,-0.98113,-0.08217,-0.69361,0.69877,0
8,4,92,100.00000,-1.38919,7.87846,-50,True,90.00000,99.25000,-0.75000,3929,False,3,1130388,7572,-0.92560,-0.06163,-0.64217,0.66943,0
8,4,92,100.00000,-1.38919,7.87846,-50,True,90.00000,99.25000,-0.75000,3929,False,3,1130405,7589,-0.87006,-0.06163,-0.60647,0.62689,0
8,4,92,100.00000,-1.38919,7.87846,-50,True,90.00000,99.25000,-0.75000,3929,False,3,1130422,7606,-0.83304,-0.06163,-0.58268,0.59853,0
8,4,92,100.00000,-1.38919,7.87846,-50,True,90.00000,99.25000,-0.75000,3929,False,3,1130438,7622,-0.79601,-0.06163,-0.55888,0.57017,0
8,4,92,100.00000,-1.38919,7.87846,-50,True,90.00000,99.25000,-0.75000,3929,False,3,1130455,7639,-0.75899,-0.06163,-0.53508,0.54180,0
8,4,92,100.00000,-1.38919,7.87846,-50,True,90.00000,99.25000,-0.75000,3929,False,3,1130471,7655,-0.74048,-0.04109,-0.50744,0.54083,0
8,4,92,100.00000,-1.38919,7.87846,-50,True,90.00000,99.25000,-0.75000,3929,False,3,1130488,7672,-0.70345,-0.04109,-0.48364,0.51247,0
8,4,92,100.00000,-1.38919,7.87846,-50,True,90.00000,99.25000,-0.75000,3929,False,3,1130505,7689,-0.68494,-0.04109,-0.47174,0.49829,0
8,4,92,100.00000,-1.38919,7.87846,-50,True,90.00000,99.25000,-0.75000,3929,False,3,1130521,7705,-0.68494,-0.04109,-0.47174,0.49829,0
8,4,92,100.00000,-1.38919,7.87846,-50,True,90.00000,99.25000,-0.75000,3929,False,3,1130538,7722,-0.66643,-0.04109,-0.45985,0.48410,0
8,4,92,100.00000,-1.38919,7.87846,-50,True,90.00000,99.25000,-0.75000,3929,False,3,1130555,7739,-0.66643,-0.04109,-0.45985,0.48410,0
8,4,92,100.00000,-1.38919,7.87846,-50,True,90.00000,99.25000,-0.75000,3929,False,3,1130572,7756,-0.66643,-0.04109,-0.45985,0.48410,0
8,4,92,100.00000,-1.38919,7.87846,-50,True,90.00000,99.25000,-0.75000,3929,False,3,1130588,7772,-0.64792,-0.04109,-0.44795,0.46992,0
8,4,92,100.00000,-1.38919,7.87846,-50,True,90.00000,99.25000,-0.75000,3929,False,3,1130605,7789,-0.64792,-0.04109,-0.44795,0.46992,0
8,4,92,100.00000,-1.38919,7.87846,-50,True,90.00000,99.25000,-0.75000,3929,False,3,1130621,7805,-0.64792,-0.04109,-0.44795,0.46992,0
8,4,92,100.00000,-1.38919,7.87846,-50,True,90.00000,99.25000,-0.75000,3929,False,3,1130638,7822,-0.62940,-0.04109,-0.43605,0.45574,0
8,4,92,100.00000,-1.38919,7.87846,-50,True,90.00000,99.25000,-0.75000,3929,False,3,1130655,7839,-0.59238,-0.04109,-0.41225,0.42738,0
8,4,92,100.00000,-1.38919,7.87846,-50,True,90.00000,99.25000,-0.75000,3929,False,3,1130671,7855,-0.57387,-0.04109,-0.40035,0.41320,0
8,4,92,100.00000,-1.38919,7.87846,-50,True,90.00000,99.25000,-0.75000,3929,False,3,1130688,7872,-0.55536,-0.04109,-0.38845,0.39902,0
8,4,92,100.00000,-1.38919,7.87846,-50,True,90.00000,99.25000,-0.75000,3929,False,3,1130705,7889,-0.53685,-0.04109,-0.37655,0.38484,0
8,4,92,100.00000,-1.38919,7.87846,-50,True,90.00000,99.25000,-0.75000,3929,False,3,1130721,7905,-0.53685,-0.04109,-0.37655,0.38484,0
8,4,92,100.00000,-1.38919,7.87846,-50,True,90.00000,99.25000,-0.75000,3929,False,3,1130738,7922,-0.49982,-0.02054,-0.33702,0.36968,0
8,4,92,100.00000,-1.38919,7.87846,-50,True,90.00000,99.25000,-0.75000,3929,False,3,1130755,7939,-0.46280,-0.02054,-0.31322,0.34132,0
8,4,92,100.00000,-1.38919,7.87846,-50,True,90.00000,99.25000,-0.75000,3929,False,3,1130772,7956,-0.44429,-0.02054,-0.30132,0.32714,0
8,4,92,100.00000,-1.38919,7.87846,-50,True,90.00000,99.25000,-0.75000,3929,False,3,1130788,7972,-0.40726,-0.02054,-0.27752,0.29878,0
8,4,92,100.00000,-1.38919,7.87846,-50,True,90.00000,99.25000,-0.75000,3929,False,3,1130805,7989,-0.40726,-0.02054,-0.27752,0.29878,0
8,4,92,100.00000,-1.38919,7.87846,-50,True,90.00000,99.25000,-0.75000,3929,False,3,1130822,8006,-0.38875,-0.02054,-0.26562,0.28460,0
8,4,92,100.00000,-1.38919,7.87846,-50,True,90.00000,99.25000,-0.75000,3929,False,3,1130838,8022,-0.37024,-0.02054,-0.25372,0.27041,0
8,4,92,100.00000,-1.38919,7.87846,-50,True,90.00000,99.25000,-0.75000,3929,False,3,1130855,8039,-0.35173,-0.02054,-0.24182,0.25623,0
8,4,92,100.00000,-1.38919,7.87846,-50,True,90.00000,99.25000,-0.75000,3929,False,3,1130872,8056,-0.33321,-0.02054,-0.22992,0.24205,0
8,4,92,100.00000,-1.38919,7.87846,-50,True,90.00000,99.25000,-0.75000,3929,False,3,1130888,8072,-0.31470,-0.02054,-0.21802,0.22787,0
8,4,92,100.00000,-1.38919,7.87846,-50,True,90.00000,99.25000,-0.75000,3929,False,3,1130905,8089,-0.31470,-0.04109,-0.23376,0.21467,0
8,4,92,100.00000,-1.38919,7.87846,-50,True,90.00000,99.25000,-0.75000,3929,False,3,1130922,8106,-0.29619,-0.04109,-0.22186,0.20049,0
8,4,92,100.00000,-1.38919,7.87846,-50,True,90.00000,99.25000,-0.75000,3929,False,3,1130938,8122,-0.27768,-0.04109,-0.20996,0.18630,0
8,4,92,100.00000,-1.38919,7.87846,-50,True,90.00000,99.25000,-0.75000,3929,False,3,1130955,8139,-0.25917,-0.04109,-0.19806,0.17212,0
8,4,92,100.00000,-1.38919,7.87846,-50,True,90.00000,99.25000,-0.75000,3929,False,3,1130972,8156,-0.22214,-0.04109,-0.17426,0.14376,0
